     70  ini.bas                                    1
      1.00119679    0.00484784
      1.00134244    0.00485599
      1.08854311    2.43799748    0.46752971
      1.09043127    2.43742956    0.46430276
      1.14615705    2.38645855    0.49879597
      1.13223864    2.39924329    0.50644865
      1.13740205    2.39636703    0.50362166
      1.13986033    2.38868535    0.50374882
      0.92983853    0.00885302
      0.92700410    0.00880562
      1.09780380    2.08512267    0.74688187
      1.09116987    2.08811039    0.74939103
      1.09964319    2.08867432    0.74066992
      1.09912778    2.08561485    0.74620368
      1.02060387    2.09667268    0.76959118
      1.03006692    2.09739744    0.76148727
      0.89002358    3.28838476
      0.88788797    3.28403946
      0.88082933    3.29924525
      0.87647275    3.30755989
      0.88622524    3.28644882
      0.87598172    3.30501408
      0.95918625    1.88396152    0.97111678
      0.96094727    1.88065175    0.96495808
      0.95624848    1.88423233    0.97557487
      0.96782406    1.88581867    0.95172104
      0.95712059    1.88081059    0.97088559
      0.95629600    1.89326156    0.97155122
      0.88283669    3.31771362
      0.88009212    3.32181326
      0.88292380    3.31752855
      0.88560570    3.31486132
      0.88342318    3.31768545
      0.87872957    3.32306304
      0.95575129    1.87656300    0.94620340
      0.95463881    1.87481373    0.94630245
      0.95787551    1.87604091    0.94106570
      0.95626184    1.87554215    0.94269693
      0.95649225    1.87754830    0.94427597
      0.95774688    1.87425560    0.94027067
      0.88142043    3.32389600
      0.87897008    3.32631358
      0.87799195    3.32855898
      0.87795224    3.32825994
      0.87787482    3.32836957
      0.88053757    3.32418894
      0.96279844    1.93678883    0.88774551
      0.96168571    1.93646702    0.88872370
      0.96153545    1.93651520    0.88896450
      0.96241755    1.93703102    0.88832320
      0.96428740    1.93655542    0.88511395
      0.96176022    1.93685972    0.88856664
      0.93876657    3.43387670
      0.93877473    3.43387823
      0.93870360    3.43384464
      0.93871192    3.43380875
      0.93863916    3.43430841
      0.93861558    3.43417962
      0.85631477    0.01862807
      0.85637505    0.01862676
      0.85643982    0.01860952
      0.85648934    0.01860911
      0.85632226    0.01862324
      0.85631665    0.01860328
      0.85656324    0.01861182
      0.85634467    0.01864015
      0.85641868    0.01860668
      0.85653073    0.01863255
      0.85625757    0.01863982
      0.85646513    0.01861009
