    -7283.119853
    -7283.104377
    -7283.046047
    -7282.957747
    -7282.831112
    -7282.670395
    -7282.484027
    -7282.278656
    -7282.055220
    -7281.818556
    -7281.578276
    -7281.335465
    -7281.092611
    -7280.855892
    -7280.627789
    -7280.406465
    -7280.195624
    -7279.998132
    -7279.814165
    -7279.642574
    -7279.483066
    -7279.337578
    -7279.209230
    -7279.100354
    -7279.018336
    -7278.963329
    -7278.938841
    -7278.944554
    -7278.976282
    -7279.032052
    -7279.105443
    -7279.187851
    -7279.274444
    -7279.362210
    -7279.443758
    -7279.520165
    -7279.592490
    -7279.660295
    -7279.723221
    -7279.777351
    -7279.822550
    -7279.861676
    -7279.892372
    -7279.912430
    -7279.925081
    -7279.931426
    -7279.926025
