    -7283.119853
    -7283.104377
    -7283.046047
    -7282.957747
    -7282.831112
    -7282.670395
    -7282.484027
    -7282.278656
    -7282.055220
    -7281.818556
    -7281.578276
    -7281.335465
    -7281.092611
    -7280.855892
    -7280.627789
    -7280.406465
    -7280.195624
    -7279.998132
    -7279.814165
    -7279.642574
    -7279.483066
    -7279.337578
    -7279.209230
    -7279.100354
    -7279.018336
    -7278.963329
    -7278.938841
    -7278.944554
    -7278.976282
    -7279.032052
    -7279.105443
    -7279.187851
    -7279.274444
    -7279.362210
    -7279.443758
    -7279.520165
    -7279.592490
    -7279.660295
    -7279.723221
    -7279.777351
    -7279.822550
    -7279.861676
    -7279.892372
    -7279.912430
    -7279.925081
    -7279.931426
    -7279.926025
    -7279.912853
    -7279.891243
    -7279.857282
    -7279.811086
    -7279.751089
    -7279.685416
    -7279.610102
    -7279.525931
    -7279.440080
    -7279.360932
    -7279.291672
    -7279.233193
    -7279.192365
    -7279.167755
    -7279.161741
    -7279.166792
    -7279.185846
    -7279.211730
    -7279.243609
    -7279.281440
    -7279.327038
    -7279.377960
    -7279.432036
    -7279.492023
    -7279.556082
    -7279.627160
    -7279.702938
    -7279.783640
    -7279.870570
    -7279.962646
    -7280.056325
    -7280.149496
    -7280.245658
    -7280.342085
    -7280.428624
    -7280.503484
    -7280.562503
    -7280.599524
    -7280.620500
    -7280.626437
    -7280.617022
    -7280.595044
    -7280.567383
    -7280.537530
    -7280.504707
    -7280.471400
    -7280.440269
    -7280.409895
    -7280.381052
    -7280.350867
    -7280.314000
    -7280.272190
    -7280.223829
    -7280.167491
    -7280.176544
    -7280.185175
    -7280.210591
    -7280.254048
    -7280.312765
    -7280.385474
    -7280.469363
    -7280.565230
    -7280.670038
    -7280.783079
    -7280.901770
    -7281.023054
    -7281.143856
    -7281.263783
    -7281.379179
    -7281.490139
    -7281.594999
    -7281.694158
    -7281.783725
    -7281.863808
    -7281.936343
    -7281.998600
    -7282.050158
    -7282.088858
    -7282.117040
    -7282.135064
    -7282.140282
    -7282.133656
    -7282.118220
    -7282.121078
    -7282.123261
    -7282.132305
    -7282.145010
    -7282.162531
    -7282.184012
    -7282.209134
    -7282.237688
    -7282.268741
    -7282.300133
    -7282.333044
    -7282.364774
    -7282.395533
    -7282.424720
    -7282.451837
    -7282.477830
    -7282.501222
    -7282.521696
    -7282.538920
    -7282.553366
    -7282.564057
    -7282.570472
    -7282.575008
    -7282.575652
    -7282.573365
    -7282.568785
    -7282.570266
    -7282.571404
    -7282.575045
    -7282.580312
    -7282.587549
    -7282.595770
    -7282.605571
    -7282.616475
    -7282.627901
    -7282.638728
    -7282.648714
    -7282.658723
    -7282.668359
    -7282.676439
    -7282.683130
    -7282.687749
    -7282.692995
    -7282.696244
    -7282.697781
    -7282.698247
    -7282.698653
    -7282.697780
    -7282.696505
    -7282.696958
    -7282.697439
    -7282.699003
    -7282.702006
    -7282.705229
    -7282.709871
    -7282.714129
    -7282.720145
    -7282.725401
    -7282.730862
    -7282.736327
    -7282.741675
    -7282.746809
    -7282.751664
    -7282.756915
    -7282.761577
    -7282.765728
    -7282.769011
    -7282.771740
    -7282.774442
    -7282.777050
    -7282.779480
    -7282.781967
    -7282.784351
    -7282.786475
    -7282.790223
    -7282.794043
    -7282.798395
    -7282.803424
    -7282.809231
    -7282.815727
    -7282.822918
    -7282.830910
    -7282.839274
    -7282.847954
    -7282.856784
    -7282.865712
    -7282.874594
    -7282.883042
    -7282.891263
    -7282.899069
    -7282.906309
    -7282.912285
    -7282.917351
    -7282.922282
    -7282.926875
    -7282.930725
    -7282.933854
    -7282.936484
    -7282.938908
    -7282.941199
    -7282.943769
    -7282.946535
    -7282.950333
    -7282.951752
    -7282.955344
    -7282.959376
    -7282.961874
    -7282.966181
    -7282.971053
    -7282.973528
    -7282.978130
    -7282.983663
    -7282.986300
    -7282.991323
    -7282.995515
    -7282.999871
    -7283.003708
    -7283.007008
    -7283.009579
    -7283.011909
    -7283.013912
    -7283.016004
    -7283.017957
    -7283.018848
    -7283.019503
    -7283.019426
    -7283.019156
    -7283.019359
    -7283.019630
    -7283.020325
    -7283.022121
    -7283.023059
    -7283.026029
    -7283.027231
    -7283.031375
    -7283.033222
    -7283.035703
    -7283.038407
    -7283.040519
    -7283.043124
    -7283.044537
    -7283.045599
    -7283.047107
    -7283.049501
    -7283.049125
    -7283.050979
    -7283.051070
    -7283.051251
    -7283.051543
    -7283.051941
    -7283.052375
    -7283.052751
    -7283.053333
    -7283.053943
    -7283.054553
    -7283.055017
    -7283.055828
    -7283.056360
    -7283.056842
    -7283.057794
    -7283.058266
    -7283.059296
    -7283.059620
    -7283.060903
    -7283.060642
    -7283.062269
    -7283.062292
    -7283.062365
    -7283.062487
    -7283.062675
