     -7277.17806726
     -7277.18026704
     -7277.19524668
     -7277.20097500
     -7277.21390985
     -7277.22348183
     -7277.23105055
     -7277.24040192
     -7277.24483848
     -7277.24614802
     -7277.24531688
     -7277.24637688
     -7277.24315499
     -7277.23936007
     -7277.23239559
     -7277.22867776
     -7277.22304778
     -7277.21552652
     -7277.21069638
     -7277.20723725
     -7277.20348702
     -7277.20115082
     -7277.19839602
     -7277.19678967
     -7277.19547658
     -7277.19284507
     -7277.19158569
     -7277.19103667
     -7277.18934033
     -7277.18761759
     -7277.18613478
     -7277.18379747
     -7277.18272810
     -7277.17885741
     -7277.17688953
     -7277.17464786
     -7277.17058287
     -7277.16653575
     -7277.16493883
     -7277.15830632
     -7277.15317050
     -7277.14488598
     -7277.13727107
     -7277.12986078
     -7277.12252589
     -7277.11514521
     -7277.10528516
     -7277.09492320
     -7277.08300766
     -7277.07468392
     -7277.06451950
     -7277.05224847
     -7277.04214324
     -7277.03134463
     -7277.02202223
     -7277.01377856
     -7277.00969427
     -7277.00370511
     -7276.99966293
     -7276.99777214
     -7276.99598233
     -7276.99551146
     -7276.99711476
     -7277.00128748
     -7277.00435286
     -7277.00858972
     -7277.01414548
     -7277.02226217
     -7277.02925750
     -7277.03568156
     -7277.04435804
     -7277.05065071
     -7277.05941935
     -7277.06693697
     -7277.07315278
     -7277.07924038
     -7277.08316184
     -7277.08830153
     -7277.09235106
     -7277.09495304
     -7277.09987227
     -7277.10174858
     -7277.10288791
     -7277.10118455
     -7277.09616315
     -7277.09054781
     -7277.08666443
     -7277.08350036
     -7277.07762690
     -7277.07436744
     -7277.07394967
     -7277.07285303
     -7277.07523246
     -7277.07563110
     -7277.07559073
     -7277.07809945
     -7277.07948973
     -7277.08200345
     -7277.08547796
     -7277.09013286
     -7280.16735369
     -7280.17646672
     -7280.17638291
     -7280.17576983
     -7280.17664748
     -7280.17729067
     -7280.17818847
     -7280.17893287
     -7280.18090800
     -7280.18209491
     -7280.18438080
     -7280.18650191
     -7280.18887970
     -7280.19097669
     -7280.19209848
     -7280.19114692
     -7280.19078949
     -7280.19195288
     -7280.19448101
     -7280.19801463
     -7280.20059209
     -7280.20340230
     -7280.20612239
     -7280.21118499
     -7280.21434932
     -7280.21834937
     -7280.22022680
     -7280.22131663
     -7280.22105202
     -7282.11815154
     -7282.12100733
     -7282.12060120
     -7282.12171194
     -7282.12144834
     -7282.12133875
     -7282.12134456
     -7282.12123759
     -7282.12128213
     -7282.12205544
     -7282.12229543
     -7282.12362807
     -7282.12418324
     -7282.12486656
     -7282.12635755
     -7282.12717766
     -7282.12858978
     -7282.12998550
     -7282.13144924
     -7282.13305748
     -7282.13479555
     -7282.13720129
     -7282.13853979
     -7282.14099818
     -7282.14214741
     -7282.14429214
     -7282.56874909
     -7282.57023551
     -7282.57024254
     -7282.57032724
     -7282.56984088
     -7282.56944667
     -7282.56851656
     -7282.56801793
     -7282.56769332
     -7282.56694521
     -7282.56629761
     -7282.56514787
     -7282.56424887
     -7282.56334944
     -7282.56258896
     -7282.56186739
     -7282.56012886
     -7282.55872413
     -7282.55762906
     -7282.55604766
     -7282.55462022
     -7282.55398559
     -7282.55242766
     -7282.69649345
     -7282.69694291
     -7282.69693713
     -7282.69705685
     -7282.69774328
     -7282.69784173
     -7282.69856593
     -7282.69842022
     -7282.69960163
     -7282.69978268
     -7282.69975211
     -7282.70001049
     -7282.70033698
     -7282.70082994
     -7282.70113188
     -7282.70213985
     -7282.70217400
     -7282.70279773
     -7282.70308015
     -7282.70342262
     -7282.70401004
     -7282.70440733
     -7282.70489492
     -7282.70510621
     -7282.70552841
     -7282.70543959
     -7282.70659619
     -7282.70730086
     -7282.70783652
     -7282.70827698
     -7282.70874920
     -7282.70915484
     -7282.70942411
     -7282.70976817
     -7282.71010912
     -7282.71033953
     -7282.71060836
     -7282.71097122
     -7282.71097577
     -7282.71121583
     -7282.71142295
     -7282.71119744
     -7282.71148646
     -7282.71118596
     -7282.71114847
     -7282.71122262
     -7282.71065332
     -7282.71029977
     -7282.70994371
     -7282.70948556
     -7282.70910537
     -7282.70844567
     -7282.70797292
     -7282.70770024
     -7282.70826168
     -7282.70626734
     -7282.70643888
     -7282.70682439
     -7282.70511901
     -7282.70520092
     -7282.70564567
     -7282.70381520
     -7282.70401092
     -7282.70492628
     -7282.70312318
     -7282.70348269
     -7282.70299487
     -7282.70289146
     -7282.70287016
     -7282.70294973
     -7282.70292879
     -7282.70287931
     -7282.70261902
     -7282.70260079
     -7282.70304729
     -7282.70286752
     -7282.70328318
     -7282.70345403
     -7283.01913593
     -7283.01934725
     -7283.01937257
     -7283.01941783
     -7283.02018179
     -7283.01970224
     -7283.02081931
     -7283.01997227
     -7283.02193215
     -7283.02153863
     -7283.02185880
     -7283.02248678
     -7283.02253627
     -7283.02350138
     -7283.02357728
     -7283.02359883
     -7283.02411658
     -7283.02511290
     -7283.02400754
     -7283.05097277
     -7283.05097778
     -7283.05097406
     -7283.05097628
     -7283.05099888
     -7283.05097727
     -7283.05083590
     -7283.05084475
     -7283.05084866
     -7283.05081836
     -7283.05063821
     -7283.05080528
     -7283.05065447
     -7283.05034603
     -7283.05054725
     -7283.05015228
     -7283.05026623
     -7283.04973843
     -7283.05020850
     -7283.04919922
     -7283.06226839
     -7283.06226661
     -7283.06226729
     -7283.06226952
     -7283.06229339
