     -7277.17806726
     -7277.18026704
     -7277.19524668
     -7277.20097500
     -7277.21390985
     -7277.22348183
     -7277.23105055
     -7277.24040192
     -7277.24483848
     -7277.24614802
     -7277.24531688
     -7277.24637688
     -7277.24315499
     -7277.23936007
     -7277.23239559
     -7277.22867776
     -7277.22304778
     -7277.21552652
     -7277.21069638
     -7277.20723725
     -7277.20348702
     -7277.20115082
     -7277.19839602
     -7277.19678967
     -7277.19547658
     -7277.19284507
     -7277.19158569
     -7277.19103667
     -7277.18934033
     -7277.18761759
     -7277.18613478
     -7277.18379747
     -7277.18272810
     -7277.17885741
     -7277.17688953
     -7277.17464786
     -7277.17058287
     -7277.16653575
     -7277.16493883
     -7277.15830632
     -7277.15317050
     -7277.14488598
     -7277.13727107
     -7277.12986078
     -7277.12252589
     -7277.11514521
     -7277.10528516
