*******************************************************
* if you don't use help->format->(start read in line) *
* javaSTM starts in 4rst line to read the data        *
*******************************************************  
 
    0.000000    0.000000    7.012940
    0.000000    0.522083    7.079914
    0.000000    1.044167    7.120348
    0.000000    1.566250    7.130733
    0.000000    2.088333    7.110326
    0.000000    2.610417    7.060663
    0.000000    3.132500    6.986983
    0.000000    3.654583    6.902050
    0.000000    4.176667    6.832938
    0.000000    4.698750    6.812089
    0.000000    5.220833    6.851175
    0.000000    5.742917    6.929078
    0.000000    6.262987    7.012940
    0.000000    6.785071    7.079914
    0.000000    7.307154    7.120348
    0.000000    7.829237    7.130733
    0.000000    8.351321    7.110326
    0.000000    8.873404    7.060663
    0.000000    9.395487    6.986983
    0.000000    9.917571    6.902050
    0.000000   10.439654    6.832938
    0.000000   10.961737    6.812089
    0.000000   11.483821    6.851175
    0.000000   12.005904    6.929078
    0.000000   12.525975    7.012940
    0.000000   13.048058    7.079914
    0.000000   13.570141    7.120348
    0.000000   14.092225    7.130733
    0.000000   14.614308    7.110326
    0.000000   15.136391    7.060663
    0.000000   15.658475    6.986983
    0.000000   16.180558    6.902050
    0.000000   16.702641    6.832938
    0.000000   17.224725    6.812089
    0.000000   17.746808    6.851175
    0.000000   18.268891    6.929078
    0.000000   18.788962    7.012940
    0.522083    0.000000    7.033223
    0.522083    0.522083    7.099989
    0.522083    1.044167    7.140359
    0.522083    1.566250    7.150626
    0.522083    2.088333    7.129953
    0.522083    2.610417    7.080159
    0.522083    3.132500    7.006532
    0.522083    3.654583    6.922364
    0.522083    4.176667    6.854394
    0.522083    4.698750    6.833931
    0.522083    5.220833    6.873084
    0.522083    5.742917    6.950161
    0.522083    6.262987    7.033223
    0.522083    6.785071    7.099989
    0.522083    7.307154    7.140359
    0.522083    7.829237    7.150626
    0.522083    8.351321    7.129953
    0.522083    8.873404    7.080159
    0.522083    9.395487    7.006532
    0.522083    9.917571    6.922364
    0.522083   10.439654    6.854394
    0.522083   10.961737    6.833931
    0.522083   11.483821    6.873084
    0.522083   12.005904    6.950161
    0.522083   12.525975    7.033223
    0.522083   13.048058    7.099989
    0.522083   13.570141    7.140359
    0.522083   14.092225    7.150626
    0.522083   14.614308    7.129953
    0.522083   15.136391    7.080159
    0.522083   15.658475    7.006532
    0.522083   16.180558    6.922364
    0.522083   16.702641    6.854394
    0.522083   17.224725    6.833931
    0.522083   17.746808    6.873084
    0.522083   18.268891    6.950161
    0.522083   18.788962    7.033223
    1.044167    0.000000    7.060280
    1.044167    0.522083    7.127216
    1.044167    1.044167    7.167896
    1.044167    1.566250    7.178437
    1.044167    2.088333    7.157861
    1.044167    2.610417    7.108012
    1.044167    3.132500    7.034309
    1.044167    3.654583    6.950607
    1.044167    4.176667    6.883311
    1.044167    4.698750    6.863060
    1.044167    5.220833    6.901711
    1.044167    5.742917    6.977806
    1.044167    6.262987    7.060280
    1.044167    6.785071    7.127216
    1.044167    7.307154    7.167896
    1.044167    7.829237    7.178437
    1.044167    8.351321    7.157861
    1.044167    8.873404    7.108012
    1.044167    9.395487    7.034309
    1.044167    9.917571    6.950607
    1.044167   10.439654    6.883311
    1.044167   10.961737    6.863060
    1.044167   11.483821    6.901711
    1.044167   12.005904    6.977806
    1.044167   12.525975    7.060280
    1.044167   13.048058    7.127216
    1.044167   13.570141    7.167896
    1.044167   14.092225    7.178437
    1.044167   14.614308    7.157861
    1.044167   15.136391    7.108012
    1.044167   15.658475    7.034309
    1.044167   16.180558    6.950607
    1.044167   16.702641    6.883311
    1.044167   17.224725    6.863060
    1.044167   17.746808    6.901711
    1.044167   18.268891    6.977806
    1.044167   18.788962    7.060280
    1.566250    0.000000    7.087485
    1.566250    0.522083    7.154635
    1.566250    1.044167    7.195815
    1.566250    1.566250    7.206836
    1.566250    2.088333    7.186637
    1.566250    2.610417    7.136886
    1.566250    3.132500    7.063207
    1.566250    3.654583    6.979690
    1.566250    4.176667    6.912587
    1.566250    4.698750    6.892738
    1.566250    5.220833    6.930070
    1.566250    5.742917    7.005301
    1.566250    6.262987    7.087485
    1.566250    6.785071    7.154635
    1.566250    7.307154    7.195815
    1.566250    7.829237    7.206836
    1.566250    8.351321    7.186637
    1.566250    8.873404    7.136886
    1.566250    9.395487    7.063207
    1.566250    9.917571    6.979690
    1.566250   10.439654    6.912587
    1.566250   10.961737    6.892738
    1.566250   11.483821    6.930070
    1.566250   12.005904    7.005301
    1.566250   12.525975    7.087485
    1.566250   13.048058    7.154635
    1.566250   13.570141    7.195815
    1.566250   14.092225    7.206836
    1.566250   14.614308    7.186637
    1.566250   15.136391    7.136886
    1.566250   15.658475    7.063207
    1.566250   16.180558    6.979690
    1.566250   16.702641    6.912587
    1.566250   17.224725    6.892738
    1.566250   17.746808    6.930070
    1.566250   18.268891    7.005301
    1.566250   18.788962    7.087485
    2.088333    0.000000    7.108289
    2.088333    0.522083    7.175596
    2.088333    1.044167    7.217152
    2.088333    1.566250    7.228537
    2.088333    2.088333    7.208765
    2.088333    2.610417    7.159365
    2.088333    3.132500    7.086043
    2.088333    3.654583    7.002730
    2.088333    4.176667    6.935402
    2.088333    4.698750    6.915169
    2.088333    5.220833    6.951575
    2.088333    5.742917    7.026308
    2.088333    6.262987    7.108289
    2.088333    6.785071    7.175596
    2.088333    7.307154    7.217152
    2.088333    7.829237    7.228537
    2.088333    8.351321    7.208765
    2.088333    8.873404    7.159365
    2.088333    9.395487    7.086043
    2.088333    9.917571    7.002730
    2.088333   10.439654    6.935402
    2.088333   10.961737    6.915169
    2.088333   11.483821    6.951575
    2.088333   12.005904    7.026308
    2.088333   12.525975    7.108289
    2.088333   13.048058    7.175596
    2.088333   13.570141    7.217152
    2.088333   14.092225    7.228537
    2.088333   14.614308    7.208765
    2.088333   15.136391    7.159365
    2.088333   15.658475    7.086043
    2.088333   16.180558    7.002730
    2.088333   16.702641    6.935402
    2.088333   17.224725    6.915169
    2.088333   17.746808    6.951575
    2.088333   18.268891    7.026308
    2.088333   18.788962    7.108289
    2.610417    0.000000    7.116860
    2.610417    0.522083    7.184207
    2.610417    1.044167    7.225971
    2.610417    1.566250    7.237604
    2.610417    2.088333    7.218220
    2.610417    2.610417    7.169263
    2.610417    3.132500    7.096427
    2.610417    3.654583    7.013439
    2.610417    4.176667    6.945508
    2.610417    4.698750    6.924304
    2.610417    5.220833    6.960428
    2.610417    5.742917    7.035059
    2.610417    6.262987    7.116860
    2.610417    6.785071    7.184207
    2.610417    7.307154    7.225971
    2.610417    7.829237    7.237604
    2.610417    8.351321    7.218220
    2.610417    8.873404    7.169263
    2.610417    9.395487    7.096427
    2.610417    9.917571    7.013439
    2.610417   10.439654    6.945508
    2.610417   10.961737    6.924304
    2.610417   11.483821    6.960428
    2.610417   12.005904    7.035059
    2.610417   12.525975    7.116860
    2.610417   13.048058    7.184207
    2.610417   13.570141    7.225971
    2.610417   14.092225    7.237604
    2.610417   14.614308    7.218220
    2.610417   15.136391    7.169263
    2.610417   15.658475    7.096427
    2.610417   16.180558    7.013439
    2.610417   16.702641    6.945508
    2.610417   17.224725    6.924304
    2.610417   17.746808    6.960428
    2.610417   18.268891    7.035059
    2.610417   18.788962    7.116860
    3.132500    0.000000    7.110502
    3.132500    0.522083    7.177829
    3.132500    1.044167    7.219652
    3.132500    1.566250    7.231500
    3.132500    2.088333    7.212443
    3.132500    2.610417    7.163869
    3.132500    3.132500    7.091362
    3.132500    3.654583    7.008432
    3.132500    4.176667    6.939960
    3.132500    4.698750    6.918021
    3.132500    5.220833    6.953988
    3.132500    5.742917    7.028700
    3.132500    6.262987    7.110502
    3.132500    6.785071    7.177829
    3.132500    7.307154    7.219652
    3.132500    7.829237    7.231500
    3.132500    8.351321    7.212443
    3.132500    8.873404    7.163869
    3.132500    9.395487    7.091362
    3.132500    9.917571    7.008432
    3.132500   10.439654    6.939960
    3.132500   10.961737    6.918021
    3.132500   11.483821    6.953988
    3.132500   12.005904    7.028700
    3.132500   12.525975    7.110502
    3.132500   13.048058    7.177829
    3.132500   13.570141    7.219652
    3.132500   14.092225    7.231500
    3.132500   14.614308    7.212443
    3.132500   15.136391    7.163869
    3.132500   15.658475    7.091362
    3.132500   16.180558    7.008432
    3.132500   16.702641    6.939960
    3.132500   17.224725    6.918021
    3.132500   17.746808    6.953988
    3.132500   18.268891    7.028700
    3.132500   18.788962    7.110502
    3.654583    0.000000    7.090720
    3.654583    0.522083    7.158307
    3.654583    1.044167    7.200087
    3.654583    1.566250    7.211969
    3.654583    2.088333    7.193088
    3.654583    2.610417    7.144775
    3.654583    3.132500    7.072232
    3.654583    3.654583    6.988814
    3.654583    4.176667    6.919454
    3.654583    4.698750    6.896663
    3.654583    5.220833    6.932808
    3.654583    5.742917    7.008285
    3.654583    6.262987    7.090720
    3.654583    6.785071    7.158307
    3.654583    7.307154    7.200087
    3.654583    7.829237    7.211969
    3.654583    8.351321    7.193088
    3.654583    8.873404    7.144775
    3.654583    9.395487    7.072232
    3.654583    9.917571    6.988814
    3.654583   10.439654    6.919454
    3.654583   10.961737    6.896663
    3.654583   11.483821    6.932808
    3.654583   12.005904    7.008285
    3.654583   12.525975    7.090720
    3.654583   13.048058    7.158307
    3.654583   13.570141    7.200087
    3.654583   14.092225    7.211969
    3.654583   14.614308    7.193088
    3.654583   15.136391    7.144775
    3.654583   15.658475    7.072232
    3.654583   16.180558    6.988814
    3.654583   16.702641    6.919454
    3.654583   17.224725    6.896663
    3.654583   17.746808    6.932808
    3.654583   18.268891    7.008285
    3.654583   18.788962    7.090720
    4.176667    0.000000    7.062420
    4.176667    0.522083    7.130440
    4.176667    1.044167    7.172246
    4.176667    1.566250    7.184012
    4.176667    2.088333    7.165013
    4.176667    2.610417    7.116612
    4.176667    3.132500    7.043732
    4.176667    3.654583    6.959558
    4.176667    4.176667    6.888970
    4.176667    4.698750    6.865661
    4.176667    5.220833    6.902410
    4.176667    5.742917    6.979084
    4.176667    6.262987    7.062420
    4.176667    6.785071    7.130440
    4.176667    7.307154    7.172246
    4.176667    7.829237    7.184012
    4.176667    8.351321    7.165013
    4.176667    8.873404    7.116612
    4.176667    9.395487    7.043732
    4.176667    9.917571    6.959558
    4.176667   10.439654    6.888970
    4.176667   10.961737    6.865661
    4.176667   11.483821    6.902410
    4.176667   12.005904    6.979084
    4.176667   12.525975    7.062420
    4.176667   13.048058    7.130440
    4.176667   13.570141    7.172246
    4.176667   14.092225    7.184012
    4.176667   14.614308    7.165013
    4.176667   15.136391    7.116612
    4.176667   15.658475    7.043732
    4.176667   16.180558    6.959558
    4.176667   16.702641    6.888970
    4.176667   17.224725    6.865661
    4.176667   17.746808    6.902410
    4.176667   18.268891    6.979084
    4.176667   18.788962    7.062420
    4.698750    0.000000    7.033142
    4.698750    0.522083    7.101289
    4.698750    1.044167    7.143012
    4.698750    1.566250    7.154557
    4.698750    2.088333    7.135276
    4.698750    2.610417    7.086493
    4.698750    3.132500    7.013152
    4.698750    3.654583    6.928198
    4.698750    4.176667    6.857147
    4.698750    4.698750    6.834285
    4.698750    5.220833    6.871439
    4.698750    5.742917    6.949072
    4.698750    6.262987    7.033142
    4.698750    6.785071    7.101289
    4.698750    7.307154    7.143012
    4.698750    7.829237    7.154557
    4.698750    8.351321    7.135276
    4.698750    8.873404    7.086493
    4.698750    9.395487    7.013152
    4.698750    9.917571    6.928198
    4.698750   10.439654    6.857147
    4.698750   10.961737    6.834285
    4.698750   11.483821    6.871439
    4.698750   12.005904    6.949072
    4.698750   12.525975    7.033142
    4.698750   13.048058    7.101289
    4.698750   13.570141    7.143012
    4.698750   14.092225    7.154557
    4.698750   14.614308    7.135276
    4.698750   15.136391    7.086493
    4.698750   15.658475    7.013152
    4.698750   16.180558    6.928198
    4.698750   16.702641    6.857147
    4.698750   17.224725    6.834285
    4.698750   17.746808    6.871439
    4.698750   18.268891    6.949072
    4.698750   18.788962    7.033142
    5.220833    0.000000    7.011472
    5.220833    0.522083    7.079349
    5.220833    1.044167    7.120679
    5.220833    1.566250    7.131787
    5.220833    2.088333    7.112069
    5.220833    2.610417    7.062927
    5.220833    3.132500    6.989404
    5.220833    3.654583    6.904301
    5.220833    4.176667    6.833738
    5.220833    4.698750    6.811243
    5.220833    5.220833    6.849371
    5.220833    5.742917    6.927311
    5.220833    6.262987    7.011472
    5.220833    6.785071    7.079349
    5.220833    7.307154    7.120679
    5.220833    7.829237    7.131787
    5.220833    8.351321    7.112069
    5.220833    8.873404    7.062927
    5.220833    9.395487    6.989404
    5.220833    9.917571    6.904301
    5.220833   10.439654    6.833738
    5.220833   10.961737    6.811243
    5.220833   11.483821    6.849371
    5.220833   12.005904    6.927311
    5.220833   12.525975    7.011472
    5.220833   13.048058    7.079349
    5.220833   13.570141    7.120679
    5.220833   14.092225    7.131787
    5.220833   14.614308    7.112069
    5.220833   15.136391    7.062927
    5.220833   15.658475    6.989404
    5.220833   16.180558    6.904301
    5.220833   16.702641    6.833738
    5.220833   17.224725    6.811243
    5.220833   17.746808    6.849371
    5.220833   18.268891    6.927311
    5.220833   18.788962    7.011472
    5.742917    0.000000    7.004715
    5.742917    0.522083    7.072036
    5.742917    1.044167    7.112813
    5.742917    1.566250    7.123482
    5.742917    2.088333    7.103359
    5.742917    2.610417    7.053987
    5.742917    3.132500    6.980461
    5.742917    3.654583    6.895387
    5.742917    4.176667    6.825365
    5.742917    4.698750    6.803168
    5.742917    5.220833    6.842398
    5.742917    5.742917    6.920680
    5.742917    6.262987    7.004715
    5.742917    6.785071    7.072036
    5.742917    7.307154    7.112813
    5.742917    7.829237    7.123482
    5.742917    8.351321    7.103359
    5.742917    8.873404    7.053987
    5.742917    9.395487    6.980461
    5.742917    9.917571    6.895387
    5.742917   10.439654    6.825365
    5.742917   10.961737    6.803168
    5.742917   11.483821    6.842398
    5.742917   12.005904    6.920680
    5.742917   12.525975    7.004715
    5.742917   13.048058    7.072036
    5.742917   13.570141    7.112813
    5.742917   14.092225    7.123482
    5.742917   14.614308    7.103359
    5.742917   15.136391    7.053987
    5.742917   15.658475    6.980461
    5.742917   16.180558    6.895387
    5.742917   16.702641    6.825365
    5.742917   17.224725    6.803168
    5.742917   17.746808    6.842398
    5.742917   18.268891    6.920680
    5.742917   18.788962    7.004715
    6.262987    0.000000    7.012940
    6.262987    0.522083    7.079914
    6.262987    1.044167    7.120348
    6.262987    1.566250    7.130733
    6.262987    2.088333    7.110326
    6.262987    2.610417    7.060663
    6.262987    3.132500    6.986983
    6.262987    3.654583    6.902050
    6.262987    4.176667    6.832938
    6.262987    4.698750    6.812089
    6.262987    5.220833    6.851175
    6.262987    5.742917    6.929078
    6.262987    6.262987    7.012940
    6.262987    6.785071    7.079914
    6.262987    7.307154    7.120348
    6.262987    7.829237    7.130733
    6.262987    8.351321    7.110326
    6.262987    8.873404    7.060663
    6.262987    9.395487    6.986983
    6.262987    9.917571    6.902050
    6.262987   10.439654    6.832938
    6.262987   10.961737    6.812089
    6.262987   11.483821    6.851175
    6.262987   12.005904    6.929078
    6.262987   12.525975    7.012940
    6.262987   13.048058    7.079914
    6.262987   13.570141    7.120348
    6.262987   14.092225    7.130733
    6.262987   14.614308    7.110326
    6.262987   15.136391    7.060663
    6.262987   15.658475    6.986983
    6.262987   16.180558    6.902050
    6.262987   16.702641    6.832938
    6.262987   17.224725    6.812089
    6.262987   17.746808    6.851175
    6.262987   18.268891    6.929078
    6.262987   18.788962    7.012940
    6.785071    0.000000    7.033223
    6.785071    0.522083    7.099989
    6.785071    1.044167    7.140359
    6.785071    1.566250    7.150626
    6.785071    2.088333    7.129953
    6.785071    2.610417    7.080159
    6.785071    3.132500    7.006532
    6.785071    3.654583    6.922364
    6.785071    4.176667    6.854394
    6.785071    4.698750    6.833931
    6.785071    5.220833    6.873084
    6.785071    5.742917    6.950161
    6.785071    6.262987    7.033223
    6.785071    6.785071    7.099989
    6.785071    7.307154    7.140359
    6.785071    7.829237    7.150626
    6.785071    8.351321    7.129953
    6.785071    8.873404    7.080159
    6.785071    9.395487    7.006532
    6.785071    9.917571    6.922364
    6.785071   10.439654    6.854394
    6.785071   10.961737    6.833931
    6.785071   11.483821    6.873084
    6.785071   12.005904    6.950161
    6.785071   12.525975    7.033223
    6.785071   13.048058    7.099989
    6.785071   13.570141    7.140359
    6.785071   14.092225    7.150626
    6.785071   14.614308    7.129953
    6.785071   15.136391    7.080159
    6.785071   15.658475    7.006532
    6.785071   16.180558    6.922364
    6.785071   16.702641    6.854394
    6.785071   17.224725    6.833931
    6.785071   17.746808    6.873084
    6.785071   18.268891    6.950161
    6.785071   18.788962    7.033223
    7.307154    0.000000    7.060280
    7.307154    0.522083    7.127216
    7.307154    1.044167    7.167896
    7.307154    1.566250    7.178437
    7.307154    2.088333    7.157861
    7.307154    2.610417    7.108012
    7.307154    3.132500    7.034309
    7.307154    3.654583    6.950607
    7.307154    4.176667    6.883311
    7.307154    4.698750    6.863060
    7.307154    5.220833    6.901711
    7.307154    5.742917    6.977806
    7.307154    6.262987    7.060280
    7.307154    6.785071    7.127216
    7.307154    7.307154    7.167896
    7.307154    7.829237    7.178437
    7.307154    8.351321    7.157861
    7.307154    8.873404    7.108012
    7.307154    9.395487    7.034309
    7.307154    9.917571    6.950607
    7.307154   10.439654    6.883311
    7.307154   10.961737    6.863060
    7.307154   11.483821    6.901711
    7.307154   12.005904    6.977806
    7.307154   12.525975    7.060280
    7.307154   13.048058    7.127216
    7.307154   13.570141    7.167896
    7.307154   14.092225    7.178437
    7.307154   14.614308    7.157861
    7.307154   15.136391    7.108012
    7.307154   15.658475    7.034309
    7.307154   16.180558    6.950607
    7.307154   16.702641    6.883311
    7.307154   17.224725    6.863060
    7.307154   17.746808    6.901711
    7.307154   18.268891    6.977806
    7.307154   18.788962    7.060280
    7.829237    0.000000    7.087485
    7.829237    0.522083    7.154635
    7.829237    1.044167    7.195815
    7.829237    1.566250    7.206836
    7.829237    2.088333    7.186637
    7.829237    2.610417    7.136886
    7.829237    3.132500    7.063207
    7.829237    3.654583    6.979690
    7.829237    4.176667    6.912587
    7.829237    4.698750    6.892738
    7.829237    5.220833    6.930070
    7.829237    5.742917    7.005301
    7.829237    6.262987    7.087485
    7.829237    6.785071    7.154635
    7.829237    7.307154    7.195815
    7.829237    7.829237    7.206836
    7.829237    8.351321    7.186637
    7.829237    8.873404    7.136886
    7.829237    9.395487    7.063207
    7.829237    9.917571    6.979690
    7.829237   10.439654    6.912587
    7.829237   10.961737    6.892738
    7.829237   11.483821    6.930070
    7.829237   12.005904    7.005301
    7.829237   12.525975    7.087485
    7.829237   13.048058    7.154635
    7.829237   13.570141    7.195815
    7.829237   14.092225    7.206836
    7.829237   14.614308    7.186637
    7.829237   15.136391    7.136886
    7.829237   15.658475    7.063207
    7.829237   16.180558    6.979690
    7.829237   16.702641    6.912587
    7.829237   17.224725    6.892738
    7.829237   17.746808    6.930070
    7.829237   18.268891    7.005301
    7.829237   18.788962    7.087485
    8.351321    0.000000    7.108289
    8.351321    0.522083    7.175596
    8.351321    1.044167    7.217152
    8.351321    1.566250    7.228537
    8.351321    2.088333    7.208765
    8.351321    2.610417    7.159365
    8.351321    3.132500    7.086043
    8.351321    3.654583    7.002730
    8.351321    4.176667    6.935402
    8.351321    4.698750    6.915169
    8.351321    5.220833    6.951575
    8.351321    5.742917    7.026308
    8.351321    6.262987    7.108289
    8.351321    6.785071    7.175596
    8.351321    7.307154    7.217152
    8.351321    7.829237    7.228537
    8.351321    8.351321    7.208765
    8.351321    8.873404    7.159365
    8.351321    9.395487    7.086043
    8.351321    9.917571    7.002730
    8.351321   10.439654    6.935402
    8.351321   10.961737    6.915169
    8.351321   11.483821    6.951575
    8.351321   12.005904    7.026308
    8.351321   12.525975    7.108289
    8.351321   13.048058    7.175596
    8.351321   13.570141    7.217152
    8.351321   14.092225    7.228537
    8.351321   14.614308    7.208765
    8.351321   15.136391    7.159365
    8.351321   15.658475    7.086043
    8.351321   16.180558    7.002730
    8.351321   16.702641    6.935402
    8.351321   17.224725    6.915169
    8.351321   17.746808    6.951575
    8.351321   18.268891    7.026308
    8.351321   18.788962    7.108289
    8.873404    0.000000    7.116860
    8.873404    0.522083    7.184207
    8.873404    1.044167    7.225971
    8.873404    1.566250    7.237604
    8.873404    2.088333    7.218220
    8.873404    2.610417    7.169263
    8.873404    3.132500    7.096427
    8.873404    3.654583    7.013439
    8.873404    4.176667    6.945508
    8.873404    4.698750    6.924304
    8.873404    5.220833    6.960428
    8.873404    5.742917    7.035059
    8.873404    6.262987    7.116860
    8.873404    6.785071    7.184207
    8.873404    7.307154    7.225971
    8.873404    7.829237    7.237604
    8.873404    8.351321    7.218220
    8.873404    8.873404    7.169263
    8.873404    9.395487    7.096427
    8.873404    9.917571    7.013439
    8.873404   10.439654    6.945508
    8.873404   10.961737    6.924304
    8.873404   11.483821    6.960428
    8.873404   12.005904    7.035059
    8.873404   12.525975    7.116860
    8.873404   13.048058    7.184207
    8.873404   13.570141    7.225971
    8.873404   14.092225    7.237604
    8.873404   14.614308    7.218220
    8.873404   15.136391    7.169263
    8.873404   15.658475    7.096427
    8.873404   16.180558    7.013439
    8.873404   16.702641    6.945508
    8.873404   17.224725    6.924304
    8.873404   17.746808    6.960428
    8.873404   18.268891    7.035059
    8.873404   18.788962    7.116860
    9.395487    0.000000    7.110502
    9.395487    0.522083    7.177829
    9.395487    1.044167    7.219652
    9.395487    1.566250    7.231500
    9.395487    2.088333    7.212443
    9.395487    2.610417    7.163869
    9.395487    3.132500    7.091362
    9.395487    3.654583    7.008432
    9.395487    4.176667    6.939960
    9.395487    4.698750    6.918021
    9.395487    5.220833    6.953988
    9.395487    5.742917    7.028700
    9.395487    6.262987    7.110502
    9.395487    6.785071    7.177829
    9.395487    7.307154    7.219652
    9.395487    7.829237    7.231500
    9.395487    8.351321    7.212443
    9.395487    8.873404    7.163869
    9.395487    9.395487    7.091362
    9.395487    9.917571    7.008432
    9.395487   10.439654    6.939960
    9.395487   10.961737    6.918021
    9.395487   11.483821    6.953988
    9.395487   12.005904    7.028700
    9.395487   12.525975    7.110502
    9.395487   13.048058    7.177829
    9.395487   13.570141    7.219652
    9.395487   14.092225    7.231500
    9.395487   14.614308    7.212443
    9.395487   15.136391    7.163869
    9.395487   15.658475    7.091362
    9.395487   16.180558    7.008432
    9.395487   16.702641    6.939960
    9.395487   17.224725    6.918021
    9.395487   17.746808    6.953988
    9.395487   18.268891    7.028700
    9.395487   18.788962    7.110502
    9.917571    0.000000    7.090720
    9.917571    0.522083    7.158307
    9.917571    1.044167    7.200087
    9.917571    1.566250    7.211969
    9.917571    2.088333    7.193088
    9.917571    2.610417    7.144775
    9.917571    3.132500    7.072232
    9.917571    3.654583    6.988814
    9.917571    4.176667    6.919454
    9.917571    4.698750    6.896663
    9.917571    5.220833    6.932808
    9.917571    5.742917    7.008285
    9.917571    6.262987    7.090720
    9.917571    6.785071    7.158307
    9.917571    7.307154    7.200087
    9.917571    7.829237    7.211969
    9.917571    8.351321    7.193088
    9.917571    8.873404    7.144775
    9.917571    9.395487    7.072232
    9.917571    9.917571    6.988814
    9.917571   10.439654    6.919454
    9.917571   10.961737    6.896663
    9.917571   11.483821    6.932808
    9.917571   12.005904    7.008285
    9.917571   12.525975    7.090720
    9.917571   13.048058    7.158307
    9.917571   13.570141    7.200087
    9.917571   14.092225    7.211969
    9.917571   14.614308    7.193088
    9.917571   15.136391    7.144775
    9.917571   15.658475    7.072232
    9.917571   16.180558    6.988814
    9.917571   16.702641    6.919454
    9.917571   17.224725    6.896663
    9.917571   17.746808    6.932808
    9.917571   18.268891    7.008285
    9.917571   18.788962    7.090720
   10.439654    0.000000    7.062420
   10.439654    0.522083    7.130440
   10.439654    1.044167    7.172246
   10.439654    1.566250    7.184012
   10.439654    2.088333    7.165013
   10.439654    2.610417    7.116612
   10.439654    3.132500    7.043732
   10.439654    3.654583    6.959558
   10.439654    4.176667    6.888970
   10.439654    4.698750    6.865661
   10.439654    5.220833    6.902410
   10.439654    5.742917    6.979084
   10.439654    6.262987    7.062420
   10.439654    6.785071    7.130440
   10.439654    7.307154    7.172246
   10.439654    7.829237    7.184012
   10.439654    8.351321    7.165013
   10.439654    8.873404    7.116612
   10.439654    9.395487    7.043732
   10.439654    9.917571    6.959558
   10.439654   10.439654    6.888970
   10.439654   10.961737    6.865661
   10.439654   11.483821    6.902410
   10.439654   12.005904    6.979084
   10.439654   12.525975    7.062420
   10.439654   13.048058    7.130440
   10.439654   13.570141    7.172246
   10.439654   14.092225    7.184012
   10.439654   14.614308    7.165013
   10.439654   15.136391    7.116612
   10.439654   15.658475    7.043732
   10.439654   16.180558    6.959558
   10.439654   16.702641    6.888970
   10.439654   17.224725    6.865661
   10.439654   17.746808    6.902410
   10.439654   18.268891    6.979084
   10.439654   18.788962    7.062420
   10.961737    0.000000    7.033142
   10.961737    0.522083    7.101289
   10.961737    1.044167    7.143012
   10.961737    1.566250    7.154557
   10.961737    2.088333    7.135276
   10.961737    2.610417    7.086493
   10.961737    3.132500    7.013152
   10.961737    3.654583    6.928198
   10.961737    4.176667    6.857147
   10.961737    4.698750    6.834285
   10.961737    5.220833    6.871439
   10.961737    5.742917    6.949072
   10.961737    6.262987    7.033142
   10.961737    6.785071    7.101289
   10.961737    7.307154    7.143012
   10.961737    7.829237    7.154557
   10.961737    8.351321    7.135276
   10.961737    8.873404    7.086493
   10.961737    9.395487    7.013152
   10.961737    9.917571    6.928198
   10.961737   10.439654    6.857147
   10.961737   10.961737    6.834285
   10.961737   11.483821    6.871439
   10.961737   12.005904    6.949072
   10.961737   12.525975    7.033142
   10.961737   13.048058    7.101289
   10.961737   13.570141    7.143012
   10.961737   14.092225    7.154557
   10.961737   14.614308    7.135276
   10.961737   15.136391    7.086493
   10.961737   15.658475    7.013152
   10.961737   16.180558    6.928198
   10.961737   16.702641    6.857147
   10.961737   17.224725    6.834285
   10.961737   17.746808    6.871439
   10.961737   18.268891    6.949072
   10.961737   18.788962    7.033142
   11.483821    0.000000    7.011472
   11.483821    0.522083    7.079349
   11.483821    1.044167    7.120679
   11.483821    1.566250    7.131787
   11.483821    2.088333    7.112069
   11.483821    2.610417    7.062927
   11.483821    3.132500    6.989404
   11.483821    3.654583    6.904301
   11.483821    4.176667    6.833738
   11.483821    4.698750    6.811243
   11.483821    5.220833    6.849371
   11.483821    5.742917    6.927311
   11.483821    6.262987    7.011472
   11.483821    6.785071    7.079349
   11.483821    7.307154    7.120679
   11.483821    7.829237    7.131787
   11.483821    8.351321    7.112069
   11.483821    8.873404    7.062927
   11.483821    9.395487    6.989404
   11.483821    9.917571    6.904301
   11.483821   10.439654    6.833738
   11.483821   10.961737    6.811243
   11.483821   11.483821    6.849371
   11.483821   12.005904    6.927311
   11.483821   12.525975    7.011472
   11.483821   13.048058    7.079349
   11.483821   13.570141    7.120679
   11.483821   14.092225    7.131787
   11.483821   14.614308    7.112069
   11.483821   15.136391    7.062927
   11.483821   15.658475    6.989404
   11.483821   16.180558    6.904301
   11.483821   16.702641    6.833738
   11.483821   17.224725    6.811243
   11.483821   17.746808    6.849371
   11.483821   18.268891    6.927311
   11.483821   18.788962    7.011472
   12.005904    0.000000    7.004715
   12.005904    0.522083    7.072036
   12.005904    1.044167    7.112813
   12.005904    1.566250    7.123482
   12.005904    2.088333    7.103359
   12.005904    2.610417    7.053987
   12.005904    3.132500    6.980461
   12.005904    3.654583    6.895387
   12.005904    4.176667    6.825365
   12.005904    4.698750    6.803168
   12.005904    5.220833    6.842398
   12.005904    5.742917    6.920680
   12.005904    6.262987    7.004715
   12.005904    6.785071    7.072036
   12.005904    7.307154    7.112813
   12.005904    7.829237    7.123482
   12.005904    8.351321    7.103359
   12.005904    8.873404    7.053987
   12.005904    9.395487    6.980461
   12.005904    9.917571    6.895387
   12.005904   10.439654    6.825365
   12.005904   10.961737    6.803168
   12.005904   11.483821    6.842398
   12.005904   12.005904    6.920680
   12.005904   12.525975    7.004715
   12.005904   13.048058    7.072036
   12.005904   13.570141    7.112813
   12.005904   14.092225    7.123482
   12.005904   14.614308    7.103359
   12.005904   15.136391    7.053987
   12.005904   15.658475    6.980461
   12.005904   16.180558    6.895387
   12.005904   16.702641    6.825365
   12.005904   17.224725    6.803168
   12.005904   17.746808    6.842398
   12.005904   18.268891    6.920680
   12.005904   18.788962    7.004715
   12.525975    0.000000    7.012940
   12.525975    0.522083    7.079914
   12.525975    1.044167    7.120348
   12.525975    1.566250    7.130733
   12.525975    2.088333    7.110326
   12.525975    2.610417    7.060663
   12.525975    3.132500    6.986983
   12.525975    3.654583    6.902050
   12.525975    4.176667    6.832938
   12.525975    4.698750    6.812089
   12.525975    5.220833    6.851175
   12.525975    5.742917    6.929078
   12.525975    6.262987    7.012940
   12.525975    6.785071    7.079914
   12.525975    7.307154    7.120348
   12.525975    7.829237    7.130733
   12.525975    8.351321    7.110326
   12.525975    8.873404    7.060663
   12.525975    9.395487    6.986983
   12.525975    9.917571    6.902050
   12.525975   10.439654    6.832938
   12.525975   10.961737    6.812089
   12.525975   11.483821    6.851175
   12.525975   12.005904    6.929078
   12.525975   12.525975    7.012940
   12.525975   13.048058    7.079914
   12.525975   13.570141    7.120348
   12.525975   14.092225    7.130733
   12.525975   14.614308    7.110326
   12.525975   15.136391    7.060663
   12.525975   15.658475    6.986983
   12.525975   16.180558    6.902050
   12.525975   16.702641    6.832938
   12.525975   17.224725    6.812089
   12.525975   17.746808    6.851175
   12.525975   18.268891    6.929078
   12.525975   18.788962    7.012940
   13.048058    0.000000    7.033223
   13.048058    0.522083    7.099989
   13.048058    1.044167    7.140359
   13.048058    1.566250    7.150626
   13.048058    2.088333    7.129953
   13.048058    2.610417    7.080159
   13.048058    3.132500    7.006532
   13.048058    3.654583    6.922364
   13.048058    4.176667    6.854394
   13.048058    4.698750    6.833931
   13.048058    5.220833    6.873084
   13.048058    5.742917    6.950161
   13.048058    6.262987    7.033223
   13.048058    6.785071    7.099989
   13.048058    7.307154    7.140359
   13.048058    7.829237    7.150626
   13.048058    8.351321    7.129953
   13.048058    8.873404    7.080159
   13.048058    9.395487    7.006532
   13.048058    9.917571    6.922364
   13.048058   10.439654    6.854394
   13.048058   10.961737    6.833931
   13.048058   11.483821    6.873084
   13.048058   12.005904    6.950161
   13.048058   12.525975    7.033223
   13.048058   13.048058    7.099989
   13.048058   13.570141    7.140359
   13.048058   14.092225    7.150626
   13.048058   14.614308    7.129953
   13.048058   15.136391    7.080159
   13.048058   15.658475    7.006532
   13.048058   16.180558    6.922364
   13.048058   16.702641    6.854394
   13.048058   17.224725    6.833931
   13.048058   17.746808    6.873084
   13.048058   18.268891    6.950161
   13.048058   18.788962    7.033223
   13.570141    0.000000    7.060280
   13.570141    0.522083    7.127216
   13.570141    1.044167    7.167896
   13.570141    1.566250    7.178437
   13.570141    2.088333    7.157861
   13.570141    2.610417    7.108012
   13.570141    3.132500    7.034309
   13.570141    3.654583    6.950607
   13.570141    4.176667    6.883311
   13.570141    4.698750    6.863060
   13.570141    5.220833    6.901711
   13.570141    5.742917    6.977806
   13.570141    6.262987    7.060280
   13.570141    6.785071    7.127216
   13.570141    7.307154    7.167896
   13.570141    7.829237    7.178437
   13.570141    8.351321    7.157861
   13.570141    8.873404    7.108012
   13.570141    9.395487    7.034309
   13.570141    9.917571    6.950607
   13.570141   10.439654    6.883311
   13.570141   10.961737    6.863060
   13.570141   11.483821    6.901711
   13.570141   12.005904    6.977806
   13.570141   12.525975    7.060280
   13.570141   13.048058    7.127216
   13.570141   13.570141    7.167896
   13.570141   14.092225    7.178437
   13.570141   14.614308    7.157861
   13.570141   15.136391    7.108012
   13.570141   15.658475    7.034309
   13.570141   16.180558    6.950607
   13.570141   16.702641    6.883311
   13.570141   17.224725    6.863060
   13.570141   17.746808    6.901711
   13.570141   18.268891    6.977806
   13.570141   18.788962    7.060280
   14.092225    0.000000    7.087485
   14.092225    0.522083    7.154635
   14.092225    1.044167    7.195815
   14.092225    1.566250    7.206836
   14.092225    2.088333    7.186637
   14.092225    2.610417    7.136886
   14.092225    3.132500    7.063207
   14.092225    3.654583    6.979690
   14.092225    4.176667    6.912587
   14.092225    4.698750    6.892738
   14.092225    5.220833    6.930070
   14.092225    5.742917    7.005301
   14.092225    6.262987    7.087485
   14.092225    6.785071    7.154635
   14.092225    7.307154    7.195815
   14.092225    7.829237    7.206836
   14.092225    8.351321    7.186637
   14.092225    8.873404    7.136886
   14.092225    9.395487    7.063207
   14.092225    9.917571    6.979690
   14.092225   10.439654    6.912587
   14.092225   10.961737    6.892738
   14.092225   11.483821    6.930070
   14.092225   12.005904    7.005301
   14.092225   12.525975    7.087485
   14.092225   13.048058    7.154635
   14.092225   13.570141    7.195815
   14.092225   14.092225    7.206836
   14.092225   14.614308    7.186637
   14.092225   15.136391    7.136886
   14.092225   15.658475    7.063207
   14.092225   16.180558    6.979690
   14.092225   16.702641    6.912587
   14.092225   17.224725    6.892738
   14.092225   17.746808    6.930070
   14.092225   18.268891    7.005301
   14.092225   18.788962    7.087485
   14.614308    0.000000    7.108289
   14.614308    0.522083    7.175596
   14.614308    1.044167    7.217152
   14.614308    1.566250    7.228537
   14.614308    2.088333    7.208765
   14.614308    2.610417    7.159365
   14.614308    3.132500    7.086043
   14.614308    3.654583    7.002730
   14.614308    4.176667    6.935402
   14.614308    4.698750    6.915169
   14.614308    5.220833    6.951575
   14.614308    5.742917    7.026308
   14.614308    6.262987    7.108289
   14.614308    6.785071    7.175596
   14.614308    7.307154    7.217152
   14.614308    7.829237    7.228537
   14.614308    8.351321    7.208765
   14.614308    8.873404    7.159365
   14.614308    9.395487    7.086043
   14.614308    9.917571    7.002730
   14.614308   10.439654    6.935402
   14.614308   10.961737    6.915169
   14.614308   11.483821    6.951575
   14.614308   12.005904    7.026308
   14.614308   12.525975    7.108289
   14.614308   13.048058    7.175596
   14.614308   13.570141    7.217152
   14.614308   14.092225    7.228537
   14.614308   14.614308    7.208765
   14.614308   15.136391    7.159365
   14.614308   15.658475    7.086043
   14.614308   16.180558    7.002730
   14.614308   16.702641    6.935402
   14.614308   17.224725    6.915169
   14.614308   17.746808    6.951575
   14.614308   18.268891    7.026308
   14.614308   18.788962    7.108289
   15.136391    0.000000    7.116860
   15.136391    0.522083    7.184207
   15.136391    1.044167    7.225971
   15.136391    1.566250    7.237604
   15.136391    2.088333    7.218220
   15.136391    2.610417    7.169263
   15.136391    3.132500    7.096427
   15.136391    3.654583    7.013439
   15.136391    4.176667    6.945508
   15.136391    4.698750    6.924304
   15.136391    5.220833    6.960428
   15.136391    5.742917    7.035059
   15.136391    6.262987    7.116860
   15.136391    6.785071    7.184207
   15.136391    7.307154    7.225971
   15.136391    7.829237    7.237604
   15.136391    8.351321    7.218220
   15.136391    8.873404    7.169263
   15.136391    9.395487    7.096427
   15.136391    9.917571    7.013439
   15.136391   10.439654    6.945508
   15.136391   10.961737    6.924304
   15.136391   11.483821    6.960428
   15.136391   12.005904    7.035059
   15.136391   12.525975    7.116860
   15.136391   13.048058    7.184207
   15.136391   13.570141    7.225971
   15.136391   14.092225    7.237604
   15.136391   14.614308    7.218220
   15.136391   15.136391    7.169263
   15.136391   15.658475    7.096427
   15.136391   16.180558    7.013439
   15.136391   16.702641    6.945508
   15.136391   17.224725    6.924304
   15.136391   17.746808    6.960428
   15.136391   18.268891    7.035059
   15.136391   18.788962    7.116860
   15.658475    0.000000    7.110502
   15.658475    0.522083    7.177829
   15.658475    1.044167    7.219652
   15.658475    1.566250    7.231500
   15.658475    2.088333    7.212443
   15.658475    2.610417    7.163869
   15.658475    3.132500    7.091362
   15.658475    3.654583    7.008432
   15.658475    4.176667    6.939960
   15.658475    4.698750    6.918021
   15.658475    5.220833    6.953988
   15.658475    5.742917    7.028700
   15.658475    6.262987    7.110502
   15.658475    6.785071    7.177829
   15.658475    7.307154    7.219652
   15.658475    7.829237    7.231500
   15.658475    8.351321    7.212443
   15.658475    8.873404    7.163869
   15.658475    9.395487    7.091362
   15.658475    9.917571    7.008432
   15.658475   10.439654    6.939960
   15.658475   10.961737    6.918021
   15.658475   11.483821    6.953988
   15.658475   12.005904    7.028700
   15.658475   12.525975    7.110502
   15.658475   13.048058    7.177829
   15.658475   13.570141    7.219652
   15.658475   14.092225    7.231500
   15.658475   14.614308    7.212443
   15.658475   15.136391    7.163869
   15.658475   15.658475    7.091362
   15.658475   16.180558    7.008432
   15.658475   16.702641    6.939960
   15.658475   17.224725    6.918021
   15.658475   17.746808    6.953988
   15.658475   18.268891    7.028700
   15.658475   18.788962    7.110502
   16.180558    0.000000    7.090720
   16.180558    0.522083    7.158307
   16.180558    1.044167    7.200087
   16.180558    1.566250    7.211969
   16.180558    2.088333    7.193088
   16.180558    2.610417    7.144775
   16.180558    3.132500    7.072232
   16.180558    3.654583    6.988814
   16.180558    4.176667    6.919454
   16.180558    4.698750    6.896663
   16.180558    5.220833    6.932808
   16.180558    5.742917    7.008285
   16.180558    6.262987    7.090720
   16.180558    6.785071    7.158307
   16.180558    7.307154    7.200087
   16.180558    7.829237    7.211969
   16.180558    8.351321    7.193088
   16.180558    8.873404    7.144775
   16.180558    9.395487    7.072232
   16.180558    9.917571    6.988814
   16.180558   10.439654    6.919454
   16.180558   10.961737    6.896663
   16.180558   11.483821    6.932808
   16.180558   12.005904    7.008285
   16.180558   12.525975    7.090720
   16.180558   13.048058    7.158307
   16.180558   13.570141    7.200087
   16.180558   14.092225    7.211969
   16.180558   14.614308    7.193088
   16.180558   15.136391    7.144775
   16.180558   15.658475    7.072232
   16.180558   16.180558    6.988814
   16.180558   16.702641    6.919454
   16.180558   17.224725    6.896663
   16.180558   17.746808    6.932808
   16.180558   18.268891    7.008285
   16.180558   18.788962    7.090720
   16.702641    0.000000    7.062420
   16.702641    0.522083    7.130440
   16.702641    1.044167    7.172246
   16.702641    1.566250    7.184012
   16.702641    2.088333    7.165013
   16.702641    2.610417    7.116612
   16.702641    3.132500    7.043732
   16.702641    3.654583    6.959558
   16.702641    4.176667    6.888970
   16.702641    4.698750    6.865661
   16.702641    5.220833    6.902410
   16.702641    5.742917    6.979084
   16.702641    6.262987    7.062420
   16.702641    6.785071    7.130440
   16.702641    7.307154    7.172246
   16.702641    7.829237    7.184012
   16.702641    8.351321    7.165013
   16.702641    8.873404    7.116612
   16.702641    9.395487    7.043732
   16.702641    9.917571    6.959558
   16.702641   10.439654    6.888970
   16.702641   10.961737    6.865661
   16.702641   11.483821    6.902410
   16.702641   12.005904    6.979084
   16.702641   12.525975    7.062420
   16.702641   13.048058    7.130440
   16.702641   13.570141    7.172246
   16.702641   14.092225    7.184012
   16.702641   14.614308    7.165013
   16.702641   15.136391    7.116612
   16.702641   15.658475    7.043732
   16.702641   16.180558    6.959558
   16.702641   16.702641    6.888970
   16.702641   17.224725    6.865661
   16.702641   17.746808    6.902410
   16.702641   18.268891    6.979084
   16.702641   18.788962    7.062420
   17.224725    0.000000    7.033142
   17.224725    0.522083    7.101289
   17.224725    1.044167    7.143012
   17.224725    1.566250    7.154557
   17.224725    2.088333    7.135276
   17.224725    2.610417    7.086493
   17.224725    3.132500    7.013152
   17.224725    3.654583    6.928198
   17.224725    4.176667    6.857147
   17.224725    4.698750    6.834285
   17.224725    5.220833    6.871439
   17.224725    5.742917    6.949072
   17.224725    6.262987    7.033142
   17.224725    6.785071    7.101289
   17.224725    7.307154    7.143012
   17.224725    7.829237    7.154557
   17.224725    8.351321    7.135276
   17.224725    8.873404    7.086493
   17.224725    9.395487    7.013152
   17.224725    9.917571    6.928198
   17.224725   10.439654    6.857147
   17.224725   10.961737    6.834285
   17.224725   11.483821    6.871439
   17.224725   12.005904    6.949072
   17.224725   12.525975    7.033142
   17.224725   13.048058    7.101289
   17.224725   13.570141    7.143012
   17.224725   14.092225    7.154557
   17.224725   14.614308    7.135276
   17.224725   15.136391    7.086493
   17.224725   15.658475    7.013152
   17.224725   16.180558    6.928198
   17.224725   16.702641    6.857147
   17.224725   17.224725    6.834285
   17.224725   17.746808    6.871439
   17.224725   18.268891    6.949072
   17.224725   18.788962    7.033142
   17.746808    0.000000    7.011472
   17.746808    0.522083    7.079349
   17.746808    1.044167    7.120679
   17.746808    1.566250    7.131787
   17.746808    2.088333    7.112069
   17.746808    2.610417    7.062927
   17.746808    3.132500    6.989404
   17.746808    3.654583    6.904301
   17.746808    4.176667    6.833738
   17.746808    4.698750    6.811243
   17.746808    5.220833    6.849371
   17.746808    5.742917    6.927311
   17.746808    6.262987    7.011472
   17.746808    6.785071    7.079349
   17.746808    7.307154    7.120679
   17.746808    7.829237    7.131787
   17.746808    8.351321    7.112069
   17.746808    8.873404    7.062927
   17.746808    9.395487    6.989404
   17.746808    9.917571    6.904301
   17.746808   10.439654    6.833738
   17.746808   10.961737    6.811243
   17.746808   11.483821    6.849371
   17.746808   12.005904    6.927311
   17.746808   12.525975    7.011472
   17.746808   13.048058    7.079349
   17.746808   13.570141    7.120679
   17.746808   14.092225    7.131787
   17.746808   14.614308    7.112069
   17.746808   15.136391    7.062927
   17.746808   15.658475    6.989404
   17.746808   16.180558    6.904301
   17.746808   16.702641    6.833738
   17.746808   17.224725    6.811243
   17.746808   17.746808    6.849371
   17.746808   18.268891    6.927311
   17.746808   18.788962    7.011472
   18.268891    0.000000    7.004715
   18.268891    0.522083    7.072036
   18.268891    1.044167    7.112813
   18.268891    1.566250    7.123482
   18.268891    2.088333    7.103359
   18.268891    2.610417    7.053987
   18.268891    3.132500    6.980461
   18.268891    3.654583    6.895387
   18.268891    4.176667    6.825365
   18.268891    4.698750    6.803168
   18.268891    5.220833    6.842398
   18.268891    5.742917    6.920680
   18.268891    6.262987    7.004715
   18.268891    6.785071    7.072036
   18.268891    7.307154    7.112813
   18.268891    7.829237    7.123482
   18.268891    8.351321    7.103359
   18.268891    8.873404    7.053987
   18.268891    9.395487    6.980461
   18.268891    9.917571    6.895387
   18.268891   10.439654    6.825365
   18.268891   10.961737    6.803168
   18.268891   11.483821    6.842398
   18.268891   12.005904    6.920680
   18.268891   12.525975    7.004715
   18.268891   13.048058    7.072036
   18.268891   13.570141    7.112813
   18.268891   14.092225    7.123482
   18.268891   14.614308    7.103359
   18.268891   15.136391    7.053987
   18.268891   15.658475    6.980461
   18.268891   16.180558    6.895387
   18.268891   16.702641    6.825365
   18.268891   17.224725    6.803168
   18.268891   17.746808    6.842398
   18.268891   18.268891    6.920680
   18.268891   18.788962    7.004715
   18.788962    0.000000    7.012940
   18.788962    0.522083    7.079914
   18.788962    1.044167    7.120348
   18.788962    1.566250    7.130733
   18.788962    2.088333    7.110326
   18.788962    2.610417    7.060663
   18.788962    3.132500    6.986983
   18.788962    3.654583    6.902050
   18.788962    4.176667    6.832938
   18.788962    4.698750    6.812089
   18.788962    5.220833    6.851175
   18.788962    5.742917    6.929078
   18.788962    6.262987    7.012940
   18.788962    6.785071    7.079914
   18.788962    7.307154    7.120348
   18.788962    7.829237    7.130733
   18.788962    8.351321    7.110326
   18.788962    8.873404    7.060663
   18.788962    9.395487    6.986983
   18.788962    9.917571    6.902050
   18.788962   10.439654    6.832938
   18.788962   10.961737    6.812089
   18.788962   11.483821    6.851175
   18.788962   12.005904    6.929078
   18.788962   12.525975    7.012940
   18.788962   13.048058    7.079914
   18.788962   13.570141    7.120348
   18.788962   14.092225    7.130733
   18.788962   14.614308    7.110326
   18.788962   15.136391    7.060663
   18.788962   15.658475    6.986983
   18.788962   16.180558    6.902050
   18.788962   16.702641    6.832938
   18.788962   17.224725    6.812089
   18.788962   17.746808    6.851175
   18.788962   18.268891    6.929078
   18.788962   18.788962    7.012940
