0.0	0.2628448421E+02
0.004495504495504496	0.2623505684E+02
0.008991008991008992	0.2618562946E+02
0.013486513486513486	0.2610432863E+02
0.017982017982017984	0.2599270093E+02
0.022477522477522476	0.2585277881E+02
0.026973026973026972	0.2568696549E+02
0.03146853146853147	0.2549790912E+02
0.03596403596403597	0.2528837767E+02
0.040459540459540456	0.2506114467E+02
0.04495504495504495	0.2481889308E+02
0.04945054945054945	0.2456414141E+02
0.053946053946053944	0.2429919337E+02
0.05844155844155844	0.2402610949E+02
0.06293706293706294	0.2374669770E+02
0.06743256743256744	0.2346251862E+02
0.07192807192807193	0.2317490132E+02
0.07642357642357642	0.2288496540E+02
0.08091908091908091	0.2259364609E+02
0.08541458541458541	0.2230171983E+02
0.0899100899100899	0.2200982864E+02
0.0944055944055944	0.2171850209E+02
0.0989010989010989	0.2142817657E+02
0.10339660339660339	0.2113921166E+02
0.10789210789210789	0.2085190380E+02
0.11238761238761238	0.2056649755E+02
0.11688311688311688	0.2028319476E+02
0.12137862137862138	0.2000216200E+02
0.1258741258741259	0.1972353664E+02
0.13036963036963037	0.1944743169E+02
0.13486513486513488	0.1917393981E+02
0.13936063936063936	0.1890313654E+02
0.14385614385614387	0.1863508294E+02
0.14835164835164835	0.1836982781E+02
0.15284715284715283	0.1810740949E+02
0.15734265734265734	0.1784785738E+02
0.16183816183816183	0.1759119319E+02
0.16633366633366634	0.1733743203E+02
0.17082917082917082	0.1708658331E+02
0.17532467532467533	0.1683865147E+02
0.1798201798201798	0.1659363668E+02
0.18431568431568432	0.1635153540E+02
0.1888111888111888	0.1611234081E+02
0.1933066933066933	0.1587604330E+02
0.1978021978021978	0.1564263077E+02
0.2022977022977023	0.1541208898E+02
0.20679320679320679	0.1518440182E+02
0.2112887112887113	0.1495955153E+02
0.21578421578421578	0.1473751891E+02
0.2202797202797203	0.1451828355E+02
0.22477522477522477	0.1430182394E+02
0.22927072927072928	0.1408811763E+02
0.23376623376623376	0.1387714136E+02
0.23826173826173827	0.1366887119E+02
0.24275724275724275	0.1346328255E+02
0.24725274725274726	0.1326035039E+02
0.2517482517482518	0.1306004922E+02
0.2562437562437562	0.1286235320E+02
0.26073926073926074	0.1266723618E+02
0.26523476523476525	0.1247467177E+02
0.26973026973026976	0.1228463341E+02
0.2742257742257742	0.1209709439E+02
0.2787212787212787	0.1191202789E+02
0.28321678321678323	0.1172940704E+02
0.28771228771228774	0.1154920492E+02
0.2922077922077922	0.1137139462E+02
0.2967032967032967	0.1119594926E+02
0.3011988011988012	0.1102284198E+02
0.30569430569430567	0.1085204602E+02
0.3101898101898102	0.1068353470E+02
0.3146853146853147	0.1051728144E+02
0.3191808191808192	0.1035325978E+02
0.32367632367632365	0.1019144341E+02
0.32817182817182816	0.1003180615E+02
0.33266733266733267	0.9874321997E+01
0.3371628371628372	0.9718965112E+01
0.34165834165834164	0.9565709830E+01
0.34615384615384615	0.9414530679E+01
0.35064935064935066	0.9265402379E+01
0.35514485514485516	0.9118299851E+01
0.3596403596403596	0.8973198223E+01
0.36413586413586413	0.8830072832E+01
0.36863136863136864	0.8688899233E+01
0.37312687312687315	0.8549653200E+01
0.3776223776223776	0.8412310729E+01
0.3821178821178821	0.8276848041E+01
0.3866133866133866	0.8143241586E+01
0.39110889110889113	0.8011468043E+01
0.3956043956043956	0.7881504323E+01
0.4000999000999001	0.7753327570E+01
0.4045954045954046	0.7626915159E+01
0.4090909090909091	0.7502244704E+01
0.41358641358641357	0.7379294051E+01
0.4180819180819181	0.7258041281E+01
0.4225774225774226	0.7138464710E+01
0.4270729270729271	0.7020542892E+01
0.43156843156843155	0.6904254612E+01
0.43606393606393606	0.6789578890E+01
0.4405594405594406	0.6676494982E+01
0.44505494505494503	0.6564982373E+01
0.44955044955044954	0.6455020783E+01
0.45404595404595405	0.6346590160E+01
0.45854145854145856	0.6239670684E+01
0.463036963036963	0.6134242762E+01
0.4675324675324675	0.6030287028E+01
0.47202797202797203	0.5927784343E+01
0.47652347652347654	0.5826715790E+01
0.481018981018981	0.5727062676E+01
0.4855144855144855	0.5628806530E+01
0.49000999000999	0.5531929099E+01
0.4945054945054945	0.5436412348E+01
0.499000999000999	0.5342238459E+01
0.5034965034965035	0.5249389828E+01
0.5079920079920079	0.5157849061E+01
0.5124875124875125	0.5067598978E+01
0.516983016983017	0.4978622607E+01
0.5214785214785215	0.4890903181E+01
0.525974025974026	0.4804424141E+01
0.5304695304695305	0.4719169128E+01
0.534965034965035	0.4635121986E+01
0.5394605394605395	0.4552266758E+01
0.5439560439560439	0.4470587684E+01
0.5484515484515484	0.4390069200E+01
0.5529470529470529	0.4310695934E+01
0.5574425574425574	0.4232452706E+01
0.561938061938062	0.4155324525E+01
0.5664335664335665	0.4079296590E+01
0.570929070929071	0.4004354281E+01
0.5754245754245755	0.3930483165E+01
0.5799200799200799	0.3857668988E+01
0.5844155844155844	0.3785897679E+01
0.5889110889110889	0.3715155341E+01
0.5934065934065934	0.3645428254E+01
0.5979020979020979	0.3576702872E+01
0.6023976023976024	0.3508965821E+01
0.6068931068931069	0.3442203896E+01
0.6113886113886113	0.3376404061E+01
0.6158841158841158	0.3311553444E+01
0.6203796203796204	0.3247639340E+01
0.6248751248751249	0.3184649204E+01
0.6293706293706294	0.3122570651E+01
0.6338661338661339	0.3061391458E+01
0.6383616383616384	0.3001099554E+01
0.6428571428571429	0.2941683027E+01
0.6473526473526473	0.2883130116E+01
0.6518481518481518	0.2825429211E+01
0.6563436563436563	0.2768568851E+01
0.6608391608391608	0.2712537725E+01
0.6653346653346653	0.2657324666E+01
0.6698301698301699	0.2602918652E+01
0.6743256743256744	0.2549308803E+01
0.6788211788211789	0.2496484379E+01
0.6833166833166833	0.2444434781E+01
0.6878121878121878	0.2393149546E+01
0.6923076923076923	0.2342618346E+01
0.6968031968031968	0.2292830990E+01
0.7012987012987013	0.2243777416E+01
0.7057942057942058	0.2195447694E+01
0.7102897102897103	0.2147832024E+01
0.7147852147852148	0.2100920732E+01
0.7192807192807192	0.2054704272E+01
0.7237762237762237	0.2009173222E+01
0.7282717282717283	0.1964318281E+01
0.7327672327672328	0.1920130272E+01
0.7372627372627373	0.1876600136E+01
0.7417582417582418	0.1833718933E+01
0.7462537462537463	0.1791477840E+01
0.7507492507492507	0.1749868151E+01
0.7552447552447552	0.1708881272E+01
0.7597402597402597	0.1668508721E+01
0.7642357642357642	0.1628742130E+01
0.7687312687312687	0.1589573239E+01
0.7732267732267732	0.1550993895E+01
0.7777222777222778	0.1512996057E+01
0.7822177822177823	0.1475571783E+01
0.7867132867132867	0.1438713242E+01
0.7912087912087912	0.1402412701E+01
0.7957042957042957	0.1366662531E+01
0.8001998001998002	0.1331455203E+01
0.8046953046953047	0.1296783288E+01
0.8091908091908092	0.1262639454E+01
0.8136863136863137	0.1229016466E+01
0.8181818181818182	0.1195907185E+01
0.8226773226773226	0.1163304564E+01
0.8271728271728271	0.1131201653E+01
0.8316683316683317	0.1099591590E+01
0.8361638361638362	0.1068467605E+01
0.8406593406593407	0.1037823019E+01
0.8451548451548452	0.1007651240E+01
0.8496503496503497	0.9779457626E+00
0.8541458541458542	0.9487001689E+00
0.8586413586413586	0.9199081254E+00
0.8631368631368631	0.8915633825E+00
0.8676323676323676	0.8636597736E+00
0.8721278721278721	0.8361912137E+00
0.8766233766233766	0.8091516986E+00
0.8811188811188811	0.7825353040E+00
0.8856143856143857	0.7563361840E+00
0.8901098901098901	0.7305485704E+00
0.8946053946053946	0.7051667717E+00
0.8991008991008991	0.6801851721E+00
0.9035964035964036	0.6555982302E+00
0.9080919080919081	0.6314004787E+00
0.9125874125874126	0.6075865228E+00
0.9170829170829171	0.5841510396E+00
0.9215784215784216	0.5610887770E+00
0.926073926073926	0.5383945529E+00
0.9305694305694305	0.5160632543E+00
0.935064935064935	0.4940898364E+00
0.9395604395604396	0.4724693216E+00
0.9440559440559441	0.4511967985E+00
0.9485514485514486	0.4302674216E+00
0.9530469530469531	0.4096764099E+00
0.9575424575424576	0.3894190462E+00
0.962037962037962	0.3694906764E+00
0.9665334665334665	0.3498867085E+00
0.971028971028971	0.3306026119E+00
0.9755244755244755	0.3116339166E+00
0.98001998001998	0.2929762124E+00
0.9845154845154845	0.2746251480E+00
0.989010989010989	0.2565764305E+00
0.9935064935064936	0.2388258243E+00
0.998001998001998	0.2213691507E+00
1.0024975024975025	0.2042022867E+00
1.006993006993007	0.1873211649E+00
1.0114885114885115	0.1707217721E+00
1.0159840159840159	0.1544001492E+00
1.0204795204795205	0.1383523899E+00
1.024975024975025	0.1225746405E+00
1.0294705294705295	0.1070630990E+00
1.033966033966034	0.9181401446E-01
1.0384615384615385	0.7682368623E-01
1.042957042957043	0.6208846342E-01
1.0474525474525473	0.4760474419E-01
1.051948051948052	0.3336897514E-01
1.0564435564435564	0.1937765060E-01
1.060939060939061	0.5627312079E-02
1.0654345654345654	-0.7885452379E-02
1.06993006993007	-0.2116400882E-01
1.0744255744255744	-0.3421167799E-01
1.078921078921079	-0.4703173590E-01
1.0834165834165834	-0.5962741442E-01
1.0879120879120878	-0.7200190191E-01
1.0924075924075924	-0.8415834373E-01
1.0969030969030968	-0.9609984283E-01
1.1013986013986015	-0.1078294603E+00
1.1058941058941059	-0.1193502160E+00
1.1103896103896105	-0.1306650890E+00
1.1148851148851149	-0.1417770181E+00
1.1193806193806193	-0.1526889024E+00
1.123876123876124	-0.1634036020E+00
1.1283716283716283	-0.1739239382E+00
1.132867132867133	-0.1842526943E+00
1.1373626373626373	-0.1943926158E+00
1.141858141858142	-0.2043464113E+00
1.1463536463536463	-0.2141167524E+00
1.150849150849151	-0.2237062749E+00
1.1553446553446554	-0.2331175789E+00
1.1598401598401598	-0.2423532289E+00
1.1643356643356644	-0.2514157552E+00
1.1688311688311688	-0.2603076534E+00
1.1733266733266734	-0.2690313856E+00
1.1778221778221778	-0.2775893801E+00
1.1823176823176824	-0.2859840327E+00
1.1868131868131868	-0.2942177065E+00
1.1913086913086912	-0.3022927325E+00
1.1958041958041958	-0.3102114101E+00
1.2002997002997002	-0.3179760076E+00
1.2047952047952049	-0.3255887621E+00
1.2092907092907093	-0.3330518808E+00
1.2137862137862139	-0.3403675405E+00
1.2182817182817183	-0.3475378887E+00
1.2227772227772227	-0.3545650435E+00
1.2272727272727273	-0.3614510941E+00
1.2317682317682317	-0.3681981016E+00
1.2362637362637363	-0.3748080987E+00
1.2407592407592407	-0.3812830906E+00
1.2452547452547453	-0.3876250552E+00
1.2497502497502497	-0.3938359432E+00
1.2542457542457544	-0.3999176789E+00
1.2587412587412588	-0.4058721604E+00
1.2632367632367631	-0.4117012599E+00
1.2677322677322678	-0.4174068238E+00
1.2722277722277722	-0.4229906736E+00
1.2767232767232768	-0.4284546057E+00
1.2812187812187812	-0.4338003921E+00
1.2857142857142858	-0.4390297806E+00
1.2902097902097902	-0.4441444950E+00
1.2947052947052946	-0.4491462354E+00
1.2992007992007992	-0.4540366790E+00
1.3036963036963036	-0.4588174798E+00
1.3081918081918082	-0.4634902691E+00
1.3126873126873126	-0.4680566561E+00
1.3171828171828173	-0.4725182277E+00
1.3216783216783217	-0.4768765492E+00
1.326173826173826	-0.4811331643E+00
1.3306693306693307	-0.4852895957E+00
1.335164835164835	-0.4893473451E+00
1.3396603396603397	-0.4933078937E+00
1.344155844155844	-0.4971727020E+00
1.3486513486513487	-0.5009432110E+00
1.3531468531468531	-0.5046208414E+00
1.3576423576423577	-0.5082069946E+00
1.3621378621378621	-0.5117030527E+00
1.3666333666333665	-0.5151103788E+00
1.3711288711288712	-0.5184303171E+00
1.3756243756243756	-0.5216641935E+00
1.3801198801198802	-0.5248133155E+00
1.3846153846153846	-0.5278789725E+00
1.3891108891108892	-0.5308624364E+00
1.3936063936063936	-0.5337649613E+00
1.398101898101898	-0.5365877840E+00
1.4025974025974026	-0.5393321244E+00
1.407092907092907	-0.5419991854E+00
1.4115884115884116	-0.5445901534E+00
1.416083916083916	-0.5471061982E+00
1.4205794205794207	-0.5495484737E+00
1.425074925074925	-0.5519181177E+00
1.4295704295704297	-0.5542162521E+00
1.434065934065934	-0.5564439835E+00
1.4385614385614385	-0.5586024031E+00
1.443056943056943	-0.5606925869E+00
1.4475524475524475	-0.5627155961E+00
1.4520479520479521	-0.5646724770E+00
1.4565434565434565	-0.5665642616E+00
1.4610389610389611	-0.5683919674E+00
1.4655344655344655	-0.5701565978E+00
1.47002997002997	-0.5718591424E+00
1.4745254745254746	-0.5735005768E+00
1.479020979020979	-0.5750818632E+00
1.4835164835164836	-0.5766039503E+00
1.488011988011988	-0.5780677737E+00
1.4925074925074926	-0.5794742560E+00
1.497002997002997	-0.5808243066E+00
1.5014985014985014	-0.5821188227E+00
1.505994005994006	-0.5833586886E+00
1.5104895104895104	-0.5845447764E+00
1.514985014985015	-0.5856779462E+00
1.5194805194805194	-0.5867590457E+00
1.523976023976024	-0.5877889110E+00
1.5284715284715285	-0.5887683664E+00
1.532967032967033	-0.5896982249E+00
1.5374625374625375	-0.5905792877E+00
1.5419580419580419	-0.5914123451E+00
1.5464535464535465	-0.5921981762E+00
1.550949050949051	-0.5929375493E+00
1.5554445554445555	-0.5936312216E+00
1.55994005994006	-0.5942799400E+00
1.5644355644355645	-0.5948844407E+00
1.568931068931069	-0.5954454497E+00
1.5734265734265733	-0.5959636827E+00
1.577922077922078	-0.5964398452E+00
1.5824175824175823	-0.5968746331E+00
1.586913086913087	-0.5972687322E+00
1.5914085914085914	-0.5976228187E+00
1.595904095904096	-0.5979375593E+00
1.6003996003996004	-0.5982136113E+00
1.6048951048951048	-0.5984516226E+00
1.6093906093906094	-0.5986522321E+00
1.6138861138861138	-0.5988160695E+00
1.6183816183816184	-0.5989437558E+00
1.6228771228771228	-0.5990359029E+00
1.6273726273726274	-0.5990931144E+00
1.6318681318681318	-0.5991159850E+00
1.6363636363636365	-0.5991051011E+00
1.6408591408591409	-0.5990610408E+00
1.6453546453546453	-0.5989843741E+00
1.6498501498501499	-0.5988756625E+00
1.6543456543456543	-0.5987354600E+00
1.658841158841159	-0.5985643123E+00
1.6633366633366633	-0.5983627576E+00
1.667832167832168	-0.5981313264E+00
1.6723276723276723	-0.5978705413E+00
1.6768231768231767	-0.5975809180E+00
1.6813186813186813	-0.5972629643E+00
1.6858141858141857	-0.5969171810E+00
1.6903096903096904	-0.5965440618E+00
1.6948051948051948	-0.5961440931E+00
1.6993006993006994	-0.5957177545E+00
1.7037962037962038	-0.5952655187E+00
1.7082917082917084	-0.5947878516E+00
1.7127872127872128	-0.5942852123E+00
1.7172827172827172	-0.5937580534E+00
1.7217782217782218	-0.5932068211E+00
1.7262737262737262	-0.5926319550E+00
1.7307692307692308	-0.5920338883E+00
1.7352647352647352	-0.5914130482E+00
1.7397602397602399	-0.5907698556E+00
1.7442557442557443	-0.5901047253E+00
1.7487512487512487	-0.5894180660E+00
1.7532467532467533	-0.5887102808E+00
1.7577422577422577	-0.5879817667E+00
1.7622377622377623	-0.5872329149E+00
1.7667332667332667	-0.5864641112E+00
1.7712287712287713	-0.5856757355E+00
1.7757242757242757	-0.5848681624E+00
1.7802197802197801	-0.5840417609E+00
1.7847152847152847	-0.5831968947E+00
1.7892107892107891	-0.5823339222E+00
1.7937062937062938	-0.5814531965E+00
1.7982017982017982	-0.5805550657E+00
1.8026973026973028	-0.5796398726E+00
1.8071928071928072	-0.5787079552E+00
1.8116883116883118	-0.5777596463E+00
1.8161838161838162	-0.5767952741E+00
1.8206793206793206	-0.5758151617E+00
1.8251748251748252	-0.5748196277E+00
1.8296703296703296	-0.5738089859E+00
1.8341658341658342	-0.5727835455E+00
1.8386613386613386	-0.5717436111E+00
1.8431568431568432	-0.5706894828E+00
1.8476523476523476	-0.5696214564E+00
1.852147852147852	-0.5685398232E+00
1.8566433566433567	-0.5674448702E+00
1.861138861138861	-0.5663368802E+00
1.8656343656343657	-0.5652161318E+00
1.87012987012987	-0.5640828994E+00
1.8746253746253747	-0.5629374534E+00
1.879120879120879	-0.5617800600E+00
1.8836163836163837	-0.5606109818E+00
1.8881118881118881	-0.5594304771E+00
1.8926073926073925	-0.5582388005E+00
1.8971028971028971	-0.5570362028E+00
1.9015984015984015	-0.5558229311E+00
1.9060939060939062	-0.5545992286E+00
1.9105894105894106	-0.5533653351E+00
1.9150849150849152	-0.5521214865E+00
1.9195804195804196	-0.5508679156E+00
1.924075924075924	-0.5496048512E+00
1.9285714285714286	-0.5483325189E+00
1.933066933066933	-0.5470511408E+00
1.9375624375624376	-0.5457609359E+00
1.942057942057942	-0.5444621195E+00
1.9465534465534466	-0.5431549038E+00
1.951048951048951	-0.5418394979E+00
1.9555444555444554	-0.5405161075E+00
1.96003996003996	-0.5391849354E+00
1.9645354645354645	-0.5378461811E+00
1.969030969030969	-0.5365000412E+00
1.9735264735264735	-0.5351467091E+00
1.978021978021978	-0.5337863754E+00
1.9825174825174825	-0.5324192279E+00
1.9870129870129871	-0.5310454511E+00
1.9915084915084915	-0.5296652271E+00
1.996003996003996	-0.5282787350E+00
2.0004995004995005	-0.5268861511E+00
2.004995004995005	-0.5254876489E+00
2.0094905094905093	-0.5240833996E+00
2.013986013986014	-0.5226735712E+00
2.0184815184815186	-0.5212583295E+00
2.022977022977023	-0.5198378376E+00
2.0274725274725274	-0.5184122560E+00
2.0319680319680318	-0.5169817428E+00
2.0364635364635366	-0.5155464534E+00
2.040959040959041	-0.5141065410E+00
2.0454545454545454	-0.5126621564E+00
2.04995004995005	-0.5112134479E+00
2.0544455544455547	-0.5097605615E+00
2.058941058941059	-0.5083036409E+00
2.0634365634365635	-0.5068428276E+00
2.067932067932068	-0.5053782607E+00
2.0724275724275723	-0.5039100772E+00
2.076923076923077	-0.5024384119E+00
2.0814185814185815	-0.5009633976E+00
2.085914085914086	-0.4994851646E+00
2.0904095904095903	-0.4980038416E+00
2.0949050949050947	-0.4965195548E+00
2.0994005994005995	-0.4950324287E+00
2.103896103896104	-0.4935425855E+00
2.1083916083916083	-0.4920501457E+00
2.1128871128871127	-0.4905552278E+00
2.1173826173826176	-0.4890579482E+00
2.121878121878122	-0.4875584215E+00
2.1263736263736264	-0.4860567606E+00
2.1308691308691308	-0.4845530763E+00
2.135364635364635	-0.4830474778E+00
2.13986013986014	-0.4815400724E+00
2.1443556443556444	-0.4800309656E+00
2.148851148851149	-0.4785202614E+00
2.153346653346653	-0.4770080617E+00
2.157842157842158	-0.4754944670E+00
2.1623376623376624	-0.4739795761E+00
2.166833166833167	-0.4724634860E+00
2.1713286713286712	-0.4709462923E+00
2.1758241758241756	-0.4694280889E+00
2.1803196803196805	-0.4679089681E+00
2.184815184815185	-0.4663890207E+00
2.1893106893106893	-0.4648683359E+00
2.1938061938061937	-0.4633470015E+00
2.198301698301698	-0.4618251037E+00
2.202797202797203	-0.4603027273E+00
2.2072927072927073	-0.4587799557E+00
2.2117882117882117	-0.4572568707E+00
2.216283716283716	-0.4557335530E+00
2.220779220779221	-0.4542100816E+00
2.2252747252747254	-0.4526865343E+00
2.2297702297702298	-0.4511629876E+00
2.234265734265734	-0.4496395165E+00
2.2387612387612386	-0.4481161949E+00
2.2432567432567434	-0.4465930952E+00
2.247752247752248	-0.4450702667E+00
2.252247752247752	-0.4435478015E+00
2.2567432567432566	-0.4420257684E+00
2.2612387612387614	-0.4405042348E+00
2.265734265734266	-0.4389832672E+00
2.2702297702297702	-0.4374629307E+00
2.2747252747252746	-0.4359432892E+00
2.279220779220779	-0.4344244058E+00
2.283716283716284	-0.4329063420E+00
2.2882117882117883	-0.4313891585E+00
2.2927072927072927	-0.4298729148E+00
2.297202797202797	-0.4283576694E+00
2.301698301698302	-0.4268434796E+00
2.3061938061938063	-0.4253304017E+00
2.3106893106893107	-0.4238184909E+00
2.315184815184815	-0.4223078016E+00
2.3196803196803195	-0.4207983870E+00
2.3241758241758244	-0.4192902994E+00
2.3286713286713288	-0.4177835899E+00
2.333166833166833	-0.4162783090E+00
2.3376623376623376	-0.4147745060E+00
2.342157842157842	-0.4132722293E+00
2.346653346653347	-0.4117715265E+00
2.351148851148851	-0.4102724441E+00
2.3556443556443556	-0.4087750278E+00
2.36013986013986	-0.4072793225E+00
2.364635364635365	-0.4057853721E+00
2.3691308691308692	-0.4042932197E+00
2.3736263736263736	-0.4028029075E+00
2.378121878121878	-0.4013144770E+00
2.3826173826173824	-0.3998279688E+00
2.3871128871128873	-0.3983434226E+00
2.3916083916083917	-0.3968608775E+00
2.396103896103896	-0.3953803716E+00
2.4005994005994005	-0.3939019425E+00
2.4050949050949053	-0.3924256267E+00
2.4095904095904097	-0.3909514601E+00
2.414085914085914	-0.3894794781E+00
2.4185814185814185	-0.3880097150E+00
2.423076923076923	-0.3865422046E+00
2.4275724275724277	-0.3850769799E+00
2.432067932067932	-0.3836140732E+00
2.4365634365634365	-0.3821535162E+00
2.441058941058941	-0.3806953399E+00
2.4455544455544453	-0.3792395746E+00
2.45004995004995	-0.3777862499E+00
2.4545454545454546	-0.3763353948E+00
2.459040959040959	-0.3748870377E+00
2.4635364635364634	-0.3734412064E+00
2.4680319680319682	-0.3719979279E+00
2.4725274725274726	-0.3705572289E+00
2.477022977022977	-0.3691191351E+00
2.4815184815184814	-0.3676836719E+00
2.486013986013986	-0.3662508641E+00
2.4905094905094907	-0.3648207359E+00
2.495004995004995	-0.3633933108E+00
2.4995004995004995	-0.3619686119E+00
2.503996003996004	-0.3605466616E+00
2.5084915084915087	-0.3591274821E+00
2.512987012987013	-0.3577110946E+00
2.5174825174825175	-0.3562975201E+00
2.521978021978022	-0.3548867791E+00
2.5264735264735263	-0.3534788913E+00
2.530969030969031	-0.3520738762E+00
2.5354645354645355	-0.3506717526E+00
2.53996003996004	-0.3492725390E+00
2.5444555444555443	-0.3478762533E+00
2.5489510489510487	-0.3464829130E+00
2.5534465534465536	-0.3450925351E+00
2.557942057942058	-0.3437051361E+00
2.5624375624375624	-0.3423207320E+00
2.5669330669330668	-0.3409393387E+00
2.5714285714285716	-0.3395609712E+00
2.575924075924076	-0.3381856445E+00
2.5804195804195804	-0.3368133727E+00
2.584915084915085	-0.3354441700E+00
2.589410589410589	-0.3340780498E+00
2.593906093906094	-0.3327150253E+00
2.5984015984015985	-0.3313551092E+00
2.602897102897103	-0.3299983140E+00
2.6073926073926073	-0.3286446515E+00
2.611888111888112	-0.3272941333E+00
2.6163836163836165	-0.3259467708E+00
2.620879120879121	-0.3246025747E+00
2.6253746253746253	-0.3232615555E+00
2.6298701298701297	-0.3219237234E+00
2.6343656343656345	-0.3205890881E+00
2.638861138861139	-0.3192576592E+00
2.6433566433566433	-0.3179294458E+00
2.6478521478521477	-0.3166044565E+00
2.652347652347652	-0.3152826999E+00
2.656843156843157	-0.3139641840E+00
2.6613386613386614	-0.3126489168E+00
2.6658341658341658	-0.3113369056E+00
2.67032967032967	-0.3100281577E+00
2.674825174825175	-0.3087226800E+00
2.6793206793206794	-0.3074204790E+00
2.683816183816184	-0.3061215611E+00
2.688311688311688	-0.3048259323E+00
2.6928071928071926	-0.3035335982E+00
2.6973026973026974	-0.3022445643E+00
2.701798201798202	-0.3009588359E+00
2.7062937062937062	-0.2996764177E+00
2.7107892107892106	-0.2983973145E+00
2.7152847152847155	-0.2971215306E+00
2.71978021978022	-0.2958490701E+00
2.7242757242757243	-0.2945799370E+00
2.7287712287712287	-0.2933141347E+00
2.733266733266733	-0.2920516667E+00
2.737762237762238	-0.2907925361E+00
2.7422577422577423	-0.2895367459E+00
2.7467532467532467	-0.2882842985E+00
2.751248751248751	-0.2870351966E+00
2.755744255744256	-0.2857894423E+00
2.7602397602397604	-0.2845470376E+00
2.7647352647352648	-0.2833079843E+00
2.769230769230769	-0.2820722839E+00
2.7737262737262736	-0.2808399377E+00
2.7782217782217784	-0.2796109470E+00
2.782717282717283	-0.2783853125E+00
2.787212787212787	-0.2771630352E+00
2.7917082917082916	-0.2759441154E+00
2.796203796203796	-0.2747285536E+00
2.800699300699301	-0.2735163499E+00
2.8051948051948052	-0.2723075043E+00
2.8096903096903096	-0.2711020166E+00
2.814185814185814	-0.2698998863E+00
2.818681318681319	-0.2687011129E+00
2.8231768231768233	-0.2675056956E+00
2.8276723276723277	-0.2663136336E+00
2.832167832167832	-0.2651249257E+00
2.8366633366633365	-0.2639395707E+00
2.8411588411588413	-0.2627575672E+00
2.8456543456543457	-0.2615789136E+00
2.85014985014985	-0.2604036082E+00
2.8546453546453545	-0.2592316490E+00
2.8591408591408594	-0.2580630342E+00
2.8636363636363638	-0.2568977614E+00
2.868131868131868	-0.2557358283E+00
2.8726273726273726	-0.2545772325E+00
2.877122877122877	-0.2534219714E+00
2.881618381618382	-0.2522700422E+00
2.886113886113886	-0.2511214421E+00
2.8906093906093906	-0.2499761679E+00
2.895104895104895	-0.2488342166E+00
2.8996003996003994	-0.2476955849E+00
2.9040959040959042	-0.2465602694E+00
2.9085914085914086	-0.2454282665E+00
2.913086913086913	-0.2442995726E+00
2.9175824175824174	-0.2431741840E+00
2.9220779220779223	-0.2420520967E+00
2.9265734265734267	-0.2409333068E+00
2.931068931068931	-0.2398178101E+00
2.9355644355644355	-0.2387056024E+00
2.94005994005994	-0.2375966794E+00
2.9445554445554447	-0.2364910367E+00
2.949050949050949	-0.2353886696E+00
2.9535464535464535	-0.2342895737E+00
2.958041958041958	-0.2331937441E+00
2.9625374625374628	-0.2321011759E+00
2.967032967032967	-0.2310118644E+00
2.9715284715284715	-0.2299258043E+00
2.976023976023976	-0.2288429906E+00
2.9805194805194803	-0.2277634181E+00
2.985014985014985	-0.2266870815E+00
2.9895104895104896	-0.2256139754E+00
2.994005994005994	-0.2245440943E+00
2.9985014985014984	-0.2234774326E+00
3.002997002997003	-0.2224139847E+00
3.0074925074925076	-0.2213537449E+00
3.011988011988012	-0.2202967075E+00
3.0164835164835164	-0.2192428664E+00
3.020979020979021	-0.2181922157E+00
3.0254745254745257	-0.2171447495E+00
3.02997002997003	-0.2161004616E+00
3.0344655344655345	-0.2150593459E+00
3.038961038961039	-0.2140213961E+00
3.0434565434565433	-0.2129866059E+00
3.047952047952048	-0.2119549690E+00
3.0524475524475525	-0.2109264788E+00
3.056943056943057	-0.2099011290E+00
3.0614385614385613	-0.2088789129E+00
3.065934065934066	-0.2078598239E+00
3.0704295704295705	-0.2068438553E+00
3.074925074925075	-0.2058310005E+00
3.0794205794205793	-0.2048212525E+00
3.0839160839160837	-0.2038146046E+00
3.0884115884115886	-0.2028110498E+00
3.092907092907093	-0.2018105811E+00
3.0974025974025974	-0.2008131917E+00
3.101898101898102	-0.1998188743E+00
3.106393606393606	-0.1988276219E+00
3.110889110889111	-0.1978394274E+00
3.1153846153846154	-0.1968542835E+00
3.11988011988012	-0.1958721830E+00
3.124375624375624	-0.1948931185E+00
3.128871128871129	-0.1939170828E+00
3.1333666333666335	-0.1929440684E+00
3.137862137862138	-0.1919740680E+00
3.1423576423576423	-0.1910070741E+00
3.1468531468531467	-0.1900430792E+00
3.1513486513486515	-0.1890820756E+00
3.155844155844156	-0.1881240560E+00
3.1603396603396603	-0.1871690126E+00
3.1648351648351647	-0.1862169378E+00
3.1693306693306695	-0.1852678239E+00
3.173826173826174	-0.1843216632E+00
3.1783216783216783	-0.1833784480E+00
3.1828171828171827	-0.1824381704E+00
3.187312687312687	-0.1815008227E+00
3.191808191808192	-0.1805663971E+00
3.1963036963036964	-0.1796348856E+00
3.2007992007992008	-0.1787062803E+00
3.205294705294705	-0.1777805735E+00
3.2097902097902096	-0.1768577570E+00
3.2142857142857144	-0.1759378229E+00
3.218781218781219	-0.1750207633E+00
3.223276723276723	-0.1741065701E+00
3.2277722277722276	-0.1731952352E+00
3.2322677322677325	-0.1722867506E+00
3.236763236763237	-0.1713811083E+00
3.2412587412587412	-0.1704783000E+00
3.2457542457542456	-0.1695783177E+00
3.25024975024975	-0.1686811532E+00
3.254745254745255	-0.1677867984E+00
3.2592407592407593	-0.1668952451E+00
3.2637362637362637	-0.1660064850E+00
3.268231768231768	-0.1651205100E+00
3.272727272727273	-0.1642373119E+00
3.2772227772227773	-0.1633568822E+00
3.2817182817182817	-0.1624792130E+00
3.286213786213786	-0.1616042957E+00
3.2907092907092905	-0.1607321222E+00
3.2952047952047954	-0.1598626842E+00
3.2997002997002998	-0.1589959733E+00
3.304195804195804	-0.1581319812E+00
3.3086913086913086	-0.1572706995E+00
3.3131868131868134	-0.1564121200E+00
3.317682317682318	-0.1555562343E+00
3.322177822177822	-0.1547030340E+00
3.3266733266733266	-0.1538525107E+00
3.331168831168831	-0.1530046561E+00
3.335664335664336	-0.1521594618E+00
3.3401598401598402	-0.1513169193E+00
3.3446553446553446	-0.1504770203E+00
3.349150849150849	-0.1496397564E+00
3.3536463536463534	-0.1488051191E+00
3.3581418581418583	-0.1479731001E+00
3.3626373626373627	-0.1471436909E+00
3.367132867132867	-0.1463168830E+00
3.3716283716283715	-0.1454926681E+00
3.3761238761238763	-0.1446710378E+00
3.3806193806193807	-0.1438519835E+00
3.385114885114885	-0.1430354969E+00
3.3896103896103895	-0.1422215695E+00
3.394105894105894	-0.1414101928E+00
3.3986013986013988	-0.1406013585E+00
3.403096903096903	-0.1397950581E+00
3.4075924075924076	-0.1389912831E+00
3.412087912087912	-0.1381900251E+00
3.416583416583417	-0.1373912757E+00
3.421078921078921	-0.1365950263E+00
3.4255744255744256	-0.1358012687E+00
3.43006993006993	-0.1350099943E+00
3.4345654345654344	-0.1342211947E+00
3.4390609390609392	-0.1334348615E+00
3.4435564435564436	-0.1326509862E+00
3.448051948051948	-0.1318695605E+00
3.4525474525474524	-0.1310905758E+00
3.457042957042957	-0.1303140238E+00
3.4615384615384617	-0.1295398961E+00
3.466033966033966	-0.1287681842E+00
3.4705294705294705	-0.1279988797E+00
3.475024975024975	-0.1272319743E+00
3.4795204795204797	-0.1264674595E+00
3.484015984015984	-0.1257053269E+00
3.4885114885114885	-0.1249455682E+00
3.493006993006993	-0.1241881750E+00
3.4975024975024973	-0.1234331390E+00
3.501998001998002	-0.1226804516E+00
3.5064935064935066	-0.1219301047E+00
3.510989010989011	-0.1211820897E+00
3.5154845154845153	-0.1204363985E+00
3.51998001998002	-0.1196930226E+00
3.5244755244755246	-0.1189519538E+00
3.528971028971029	-0.1182131836E+00
3.5334665334665334	-0.1174767039E+00
3.537962037962038	-0.1167425062E+00
3.5424575424575426	-0.1160105824E+00
3.546953046953047	-0.1152809240E+00
3.5514485514485514	-0.1145535229E+00
3.555944055944056	-0.1138283707E+00
3.5604395604395602	-0.1131054593E+00
3.564935064935065	-0.1123847804E+00
3.5694305694305695	-0.1116663256E+00
3.573926073926074	-0.1109500869E+00
3.5784215784215783	-0.1102360560E+00
3.582917082917083	-0.1095242246E+00
3.5874125874125875	-0.1088145846E+00
3.591908091908092	-0.1081071279E+00
3.5964035964035963	-0.1074018462E+00
3.6008991008991007	-0.1066987313E+00
3.6053946053946055	-0.1059977752E+00
3.60989010989011	-0.1052989697E+00
3.6143856143856143	-0.1046023066E+00
3.6188811188811187	-0.1039077779E+00
3.6233766233766236	-0.1032153754E+00
3.627872127872128	-0.1025250911E+00
3.6323676323676324	-0.1018369169E+00
3.636863136863137	-0.1011508447E+00
3.641358641358641	-0.1004668665E+00
3.645854145854146	-0.9978497422E-01
3.6503496503496504	-0.9910515985E-01
3.654845154845155	-0.9842741537E-01
3.659340659340659	-0.9775173279E-01
3.6638361638361636	-0.9707810413E-01
3.6683316683316685	-0.9640652141E-01
3.672827172827173	-0.9573697668E-01
3.6773226773226773	-0.9506946198E-01
3.6818181818181817	-0.9440396940E-01
3.6863136863136865	-0.9374049101E-01
3.690809190809191	-0.9307901892E-01
3.6953046953046953	-0.9241954522E-01
3.6998001998001997	-0.9176206206E-01
3.704295704295704	-0.9110656157E-01
3.708791208791209	-0.9045303590E-01
3.7132867132867133	-0.8980147722E-01
3.7177822177822177	-0.8915187773E-01
3.722277722277722	-0.8850422961E-01
3.726773226773227	-0.8785852508E-01
3.7312687312687314	-0.8721475637E-01
3.7357642357642358	-0.8657291572E-01
3.74025974025974	-0.8593299539E-01
3.7447552447552446	-0.8529498765E-01
3.7492507492507494	-0.8465888479E-01
3.753746253746254	-0.8402467912E-01
3.758241758241758	-0.8339236295E-01
3.7627372627372626	-0.8276192861E-01
3.7672327672327675	-0.8213336847E-01
3.771728271728272	-0.8150667487E-01
3.7762237762237763	-0.8088184021E-01
3.7807192807192807	-0.8025885687E-01
3.785214785214785	-0.7963771728E-01
3.78971028971029	-0.7901841385E-01
3.7942057942057943	-0.7840093902E-01
3.7987012987012987	-0.7778528527E-01
3.803196803196803	-0.7717144506E-01
3.8076923076923075	-0.7655941088E-01
3.8121878121878123	-0.7594917524E-01
3.8166833166833167	-0.7534073066E-01
3.821178821178821	-0.7473406967E-01
3.8256743256743255	-0.7412918484E-01
3.8301698301698304	-0.7352606873E-01
3.8346653346653348	-0.7292471393E-01
3.839160839160839	-0.7232511303E-01
3.8436563436563436	-0.7172725866E-01
3.848151848151848	-0.7113114346E-01
3.852647352647353	-0.7053676006E-01
3.857142857142857	-0.6994410115E-01
3.8616383616383616	-0.6935315939E-01
3.866133866133866	-0.6876392749E-01
3.870629370629371	-0.6817639816E-01
3.8751248751248752	-0.6759056414E-01
3.8796203796203796	-0.6700641818E-01
3.884115884115884	-0.6642395302E-01
3.8886113886113884	-0.6584316146E-01
3.8931068931068933	-0.6526403630E-01
3.8976023976023977	-0.6468657033E-01
3.902097902097902	-0.6411075640E-01
3.9065934065934065	-0.6353658734E-01
3.911088911088911	-0.6296405602E-01
3.9155844155844157	-0.6239315532E-01
3.92007992007992	-0.6182387812E-01
3.9245754245754245	-0.6125621735E-01
3.929070929070929	-0.6069016591E-01
3.9335664335664338	-0.6012571677E-01
3.938061938061938	-0.5956286287E-01
3.9425574425574426	-0.5900159719E-01
3.947052947052947	-0.5844191272E-01
3.9515484515484514	-0.5788380247E-01
3.956043956043956	-0.5732725946E-01
3.9605394605394606	-0.5677227674E-01
3.965034965034965	-0.5621884735E-01
3.9695304695304694	-0.5566696437E-01
3.9740259740259742	-0.5511662089E-01
3.9785214785214786	-0.5456781001E-01
3.983016983016983	-0.5402052486E-01
3.9875124875124874	-0.5347475857E-01
3.992007992007992	-0.5293050429E-01
3.9965034965034967	-0.5238775519E-01
4.000999000999001	-0.5184650446E-01
4.0054945054945055	-0.5130674529E-01
4.00999000999001	-0.5076847091E-01
4.014485514485514	-0.5023167455E-01
4.018981018981019	-0.4969634945E-01
4.023476523476523	-0.4916248889E-01
4.027972027972028	-0.4863008613E-01
4.032467532467533	-0.4809913448E-01
4.036963036963037	-0.4756962725E-01
4.0414585414585416	-0.4704155777E-01
4.045954045954046	-0.4651491938E-01
4.05044955044955	-0.4598970544E-01
4.054945054945055	-0.4546590933E-01
4.059440559440559	-0.4494352444E-01
4.0639360639360635	-0.4442254416E-01
4.068431568431569	-0.4390296194E-01
4.072927072927073	-0.4338477119E-01
4.077422577422578	-0.4286796538E-01
4.081918081918082	-0.4235253798E-01
4.086413586413586	-0.4183848246E-01
4.090909090909091	-0.4132579234E-01
4.095404595404595	-0.4081446111E-01
4.0999000999001	-0.4030448231E-01
4.104395604395604	-0.3979584950E-01
4.108891108891109	-0.3928855621E-01
4.113386613386614	-0.3878259605E-01
4.117882117882118	-0.3827796258E-01
4.1223776223776225	-0.3777464942E-01
4.126873126873127	-0.3727265019E-01
4.131368631368631	-0.3677195852E-01
4.135864135864136	-0.3627256807E-01
4.14035964035964	-0.3577447249E-01
4.1448551448551445	-0.3527766548E-01
4.14935064935065	-0.3478214072E-01
4.153846153846154	-0.3428789191E-01
4.158341658341659	-0.3379491280E-01
4.162837162837163	-0.3330319711E-01
4.167332667332667	-0.3281273859E-01
4.171828171828172	-0.3232353102E-01
4.176323676323676	-0.3183556817E-01
4.180819180819181	-0.3134884384E-01
4.185314685314685	-0.3086335185E-01
4.189810189810189	-0.3037908600E-01
4.194305694305695	-0.2989604015E-01
4.198801198801199	-0.2941420814E-01
4.2032967032967035	-0.2893358385E-01
4.207792207792208	-0.2845416114E-01
4.212287712287712	-0.2797593391E-01
4.216783216783217	-0.2749889608E-01
4.221278721278721	-0.2702304156E-01
4.2257742257742255	-0.2654836428E-01
4.23026973026973	-0.2607485820E-01
4.234765234765235	-0.2560251727E-01
4.2392607392607395	-0.2513133547E-01
4.243756243756244	-0.2466130678E-01
4.248251748251748	-0.2419242522E-01
4.252747252747253	-0.2372468479E-01
4.257242757242757	-0.2325807951E-01
4.2617382617382615	-0.2279260344E-01
4.266233766233766	-0.2232825062E-01
4.27072927072927	-0.2186501511E-01
4.275224775224776	-0.2140289100E-01
4.27972027972028	-0.2094187237E-01
4.284215784215784	-0.2048195333E-01
4.288711288711289	-0.2002312800E-01
4.293206793206793	-0.1956539049E-01
4.297702297702298	-0.1910873496E-01
4.302197802197802	-0.1865315554E-01
4.306693306693306	-0.1819864641E-01
4.311188811188811	-0.1774520173E-01
4.315684315684316	-0.1729281570E-01
4.3201798201798205	-0.1684148252E-01
4.324675324675325	-0.1639119638E-01
4.329170829170829	-0.1594195152E-01
4.333666333666334	-0.1549374217E-01
4.338161838161838	-0.1504656256E-01
4.3426573426573425	-0.1460040695E-01
4.347152847152847	-0.1415526960E-01
4.351648351648351	-0.1371114480E-01
4.356143856143857	-0.1326802682E-01
4.360639360639361	-0.1282590996E-01
4.365134865134865	-0.1238478853E-01
4.36963036963037	-0.1194465684E-01
4.374125874125874	-0.1150550921E-01
4.378621378621379	-0.1106733999E-01
4.383116883116883	-0.1063014351E-01
4.387612387612387	-0.1019391413E-01
4.392107892107892	-0.9758646204E-02
4.396603396603396	-0.9324334115E-02
4.4010989010989015	-0.8890972237E-02
4.405594405594406	-0.8458554958E-02
4.41008991008991	-0.8027076676E-02
4.414585414585415	-0.7596531793E-02
4.419080919080919	-0.7166914722E-02
4.4235764235764234	-0.6738219882E-02
4.428071928071928	-0.6310441702E-02
4.432567432567432	-0.5883574613E-02
4.437062937062937	-0.5457613059E-02
4.441558441558442	-0.5032551486E-02
4.446053946053946	-0.4608384350E-02
4.450549450549451	-0.4185106112E-02
4.455044955044955	-0.3762711239E-02
4.4595404595404595	-0.3341194208E-02
4.464035964035964	-0.2920549502E-02
4.468531468531468	-0.2500771609E-02
4.473026973026973	-0.2081855028E-02
4.477522477522477	-0.1663794268E-02
4.482017982017982	-0.1246583847E-02
4.486513486513487	-0.8302182964E-03
4.491008991008991	-0.4146921602E-03
4.495504495504496	0.0000000000E+00
4.5	0.0
4.504495504495504	0.0
4.508991008991009	0.0
