0.0	0.1146352866E+01
0.005494505494505495	0.1146404661E+01
0.01098901098901099	0.1146456455E+01
0.016483516483516484	0.1146542837E+01
0.02197802197802198	0.1146663880E+01
0.027472527472527472	0.1146819661E+01
0.03296703296703297	0.1147010264E+01
0.038461538461538464	0.1147235779E+01
0.04395604395604396	0.1147496303E+01
0.04945054945054945	0.1147791933E+01
0.054945054945054944	0.1148122770E+01
0.06043956043956044	0.1148488916E+01
0.06593406593406594	0.1148890471E+01
0.07142857142857142	0.1149327540E+01
0.07692307692307693	0.1149800224E+01
0.08241758241758242	0.1150308625E+01
0.08791208791208792	0.1150852843E+01
0.09340659340659341	0.1151432976E+01
0.0989010989010989	0.1152049121E+01
0.1043956043956044	0.1152701372E+01
0.10989010989010989	0.1153389820E+01
0.11538461538461539	0.1154114554E+01
0.12087912087912088	0.1154875661E+01
0.12637362637362637	0.1155673222E+01
0.13186813186813187	0.1156507317E+01
0.13736263736263737	0.1157378020E+01
0.14285714285714285	0.1158285401E+01
0.14835164835164835	0.1159229527E+01
0.15384615384615385	0.1160210459E+01
0.15934065934065933	0.1161228255E+01
0.16483516483516483	0.1162282966E+01
0.17032967032967034	0.1163374639E+01
0.17582417582417584	0.1164503314E+01
0.1813186813186813	0.1165669027E+01
0.18681318681318682	0.1166871806E+01
0.19230769230769232	0.1168111676E+01
0.1978021978021978	0.1169388652E+01
0.2032967032967033	0.1170702744E+01
0.2087912087912088	0.1172053956E+01
0.21428571428571427	0.1173442282E+01
0.21978021978021978	0.1174867712E+01
0.22527472527472528	0.1176330225E+01
0.23076923076923078	0.1177829796E+01
0.23626373626373626	0.1179366387E+01
0.24175824175824176	0.1180939956E+01
0.24725274725274726	0.1182550449E+01
0.25274725274725274	0.1184197806E+01
0.25824175824175827	0.1185881955E+01
0.26373626373626374	0.1187602816E+01
0.2692307692307692	0.1189360300E+01
0.27472527472527475	0.1191154307E+01
0.2802197802197802	0.1192984727E+01
0.2857142857142857	0.1194851439E+01
0.29120879120879123	0.1196754311E+01
0.2967032967032967	0.1198693202E+01
0.3021978021978022	0.1200667958E+01
0.3076923076923077	0.1202678413E+01
0.3131868131868132	0.1204724390E+01
0.31868131868131866	0.1206805701E+01
0.3241758241758242	0.1208922143E+01
0.32967032967032966	0.1211073501E+01
0.33516483516483514	0.1213259550E+01
0.34065934065934067	0.1215480048E+01
0.34615384615384615	0.1217734742E+01
0.3516483516483517	0.1220023363E+01
0.35714285714285715	0.1222345632E+01
0.3626373626373626	0.1224701251E+01
0.36813186813186816	0.1227089910E+01
0.37362637362637363	0.1229511286E+01
0.3791208791208791	0.1231965037E+01
0.38461538461538464	0.1234450809E+01
0.3901098901098901	0.1236968231E+01
0.3956043956043956	0.1239516917E+01
0.4010989010989011	0.1242096465E+01
0.4065934065934066	0.1244706457E+01
0.41208791208791207	0.1247346457E+01
0.4175824175824176	0.1250016015E+01
0.4230769230769231	0.1252714663E+01
0.42857142857142855	0.1255441915E+01
0.4340659340659341	0.1258197269E+01
0.43956043956043955	0.1260980206E+01
0.44505494505494503	0.1263790189E+01
0.45054945054945056	0.1266626663E+01
0.45604395604395603	0.1269489055E+01
0.46153846153846156	0.1272376775E+01
0.46703296703296704	0.1275289213E+01
0.4725274725274725	0.1278225742E+01
0.47802197802197804	0.1281185716E+01
0.4835164835164835	0.1284168471E+01
0.489010989010989	0.1287173324E+01
0.4945054945054945	0.1290199574E+01
0.5	0.1293246498E+01
0.5054945054945055	0.1296313359E+01
0.510989010989011	0.1299399396E+01
0.5164835164835165	0.1302503832E+01
0.521978021978022	0.1305625871E+01
0.5274725274725275	0.1308764696E+01
0.532967032967033	0.1311919473E+01
0.5384615384615384	0.1315089347E+01
0.5439560439560439	0.1318273445E+01
0.5494505494505495	0.1321470874E+01
0.554945054945055	0.1324680723E+01
0.5604395604395604	0.1327902062E+01
0.5659340659340659	0.1331133941E+01
0.5714285714285714	0.1334375393E+01
0.5769230769230769	0.1337625430E+01
0.5824175824175825	0.1340883049E+01
0.5879120879120879	0.1344147225E+01
0.5934065934065934	0.1347416917E+01
0.5989010989010989	0.1350691066E+01
0.6043956043956044	0.1353968593E+01
0.6098901098901099	0.1357248406E+01
0.6153846153846154	0.1360529391E+01
0.6208791208791209	0.1363810420E+01
0.6263736263736264	0.1367090348E+01
0.6318681318681318	0.1370368012E+01
0.6373626373626373	0.1373642236E+01
0.6428571428571429	0.1376911826E+01
0.6483516483516484	0.1380175574E+01
0.6538461538461539	0.1383432255E+01
0.6593406593406593	0.1386680632E+01
0.6648351648351648	0.1389919455E+01
0.6703296703296703	0.1393147459E+01
0.6758241758241759	0.1396363368E+01
0.6813186813186813	0.1399565892E+01
0.6868131868131868	0.1402753732E+01
0.6923076923076923	0.1405925576E+01
0.6978021978021978	0.1409080104E+01
0.7032967032967034	0.1412215986E+01
0.7087912087912088	0.1415331882E+01
0.7142857142857143	0.1418426447E+01
0.7197802197802198	0.1421498325E+01
0.7252747252747253	0.1424546158E+01
0.7307692307692307	0.1427568579E+01
0.7362637362637363	0.1430564219E+01
0.7417582417582418	0.1433531704E+01
0.7472527472527473	0.1436469657E+01
0.7527472527472527	0.1439376701E+01
0.7582417582417582	0.1442251456E+01
0.7637362637362637	0.1445092545E+01
0.7692307692307693	0.1447898588E+01
0.7747252747252747	0.1450668212E+01
0.7802197802197802	0.1453400044E+01
0.7857142857142857	0.1456092717E+01
0.7912087912087912	0.1458744869E+01
0.7967032967032966	0.1461355145E+01
0.8021978021978022	0.1463922196E+01
0.8076923076923077	0.1466444685E+01
0.8131868131868132	0.1468921282E+01
0.8186813186813187	0.1471350670E+01
0.8241758241758241	0.1473731545E+01
0.8296703296703297	0.1476062614E+01
0.8351648351648352	0.1478342600E+01
0.8406593406593407	0.1480570244E+01
0.8461538461538461	0.1482744299E+01
0.8516483516483516	0.1484863542E+01
0.8571428571428571	0.1486926764E+01
0.8626373626373627	0.1488932782E+01
0.8681318681318682	0.1490880429E+01
0.8736263736263736	0.1492768564E+01
0.8791208791208791	0.1494596071E+01
0.8846153846153846	0.1496361856E+01
0.8901098901098901	0.1498064853E+01
0.8956043956043956	0.1499704022E+01
0.9010989010989011	0.1501278353E+01
0.9065934065934066	0.1502786862E+01
0.9120879120879121	0.1504228598E+01
0.9175824175824175	0.1505602640E+01
0.9230769230769231	0.1506908100E+01
0.9285714285714286	0.1508144121E+01
0.9340659340659341	0.1509309881E+01
0.9395604395604396	0.1510404594E+01
0.945054945054945	0.1511427505E+01
0.9505494505494505	0.1512377900E+01
0.9560439560439561	0.1513255100E+01
0.9615384615384616	0.1514058461E+01
0.967032967032967	0.1514787382E+01
0.9725274725274725	0.1515441295E+01
0.978021978021978	0.1516019677E+01
0.9835164835164835	0.1516522039E+01
0.989010989010989	0.1516947937E+01
0.9945054945054945	0.1517296963E+01
1.0	0.1517568754E+01
1.0054945054945055	0.1517762985E+01
1.010989010989011	0.1517879372E+01
1.0164835164835164	0.1517917675E+01
1.021978021978022	0.1517877694E+01
1.0274725274725274	0.1517759269E+01
1.032967032967033	0.1517562285E+01
1.0384615384615385	0.1517286666E+01
1.043956043956044	0.1516932377E+01
1.0494505494505495	0.1516499427E+01
1.054945054945055	0.1515987863E+01
1.0604395604395604	0.1515397776E+01
1.065934065934066	0.1514729293E+01
1.0714285714285714	0.1513982586E+01
1.0769230769230769	0.1513157864E+01
1.0824175824175823	0.1512255375E+01
1.0879120879120878	0.1511275408E+01
1.0934065934065933	0.1510218287E+01
1.098901098901099	0.1509084376E+01
1.1043956043956045	0.1507874075E+01
1.10989010989011	0.1506587822E+01
1.1153846153846154	0.1505226086E+01
1.120879120879121	0.1503789377E+01
1.1263736263736264	0.1502278233E+01
1.1318681318681318	0.1500693229E+01
1.1373626373626373	0.1499034971E+01
1.1428571428571428	0.1497304096E+01
1.1483516483516483	0.1495501272E+01
1.1538461538461537	0.1493627195E+01
1.1593406593406594	0.1491682591E+01
1.164835164835165	0.1489668213E+01
1.1703296703296704	0.1487584839E+01
1.1758241758241759	0.1485433274E+01
1.1813186813186813	0.1483214345E+01
1.1868131868131868	0.1480928905E+01
1.1923076923076923	0.1478577826E+01
1.1978021978021978	0.1476162003E+01
1.2032967032967032	0.1473682349E+01
1.2087912087912087	0.1471139796E+01
1.2142857142857142	0.1468535293E+01
1.2197802197802199	0.1465869807E+01
1.2252747252747254	0.1463144318E+01
1.2307692307692308	0.1460359820E+01
1.2362637362637363	0.1457517321E+01
1.2417582417582418	0.1454617840E+01
1.2472527472527473	0.1451662405E+01
1.2527472527472527	0.1448652057E+01
1.2582417582417582	0.1445587840E+01
1.2637362637362637	0.1442470810E+01
1.2692307692307692	0.1439302026E+01
1.2747252747252746	0.1436082553E+01
1.2802197802197801	0.1432813461E+01
1.2857142857142858	0.1429495820E+01
1.2912087912087913	0.1426130705E+01
1.2967032967032968	0.1422719189E+01
1.3021978021978022	0.1419262348E+01
1.3076923076923077	0.1415761254E+01
1.3131868131868132	0.1412216980E+01
1.3186813186813187	0.1408630593E+01
1.3241758241758241	0.1405003160E+01
1.3296703296703296	0.1401335740E+01
1.335164835164835	0.1397629389E+01
1.3406593406593406	0.1393885157E+01
1.3461538461538463	0.1390104086E+01
1.3516483516483517	0.1386287211E+01
1.3571428571428572	0.1382435560E+01
1.3626373626373627	0.1378550151E+01
1.3681318681318682	0.1374631994E+01
1.3736263736263736	0.1370682087E+01
1.379120879120879	0.1366701419E+01
1.3846153846153846	0.1362690969E+01
1.39010989010989	0.1358651704E+01
1.3956043956043955	0.1354584577E+01
1.401098901098901	0.1350490533E+01
1.4065934065934067	0.1346370501E+01
1.4120879120879122	0.1342225399E+01
1.4175824175824177	0.1338056130E+01
1.4230769230769231	0.1333863586E+01
1.4285714285714286	0.1329648643E+01
1.434065934065934	0.1325412165E+01
1.4395604395604396	0.1321155000E+01
1.445054945054945	0.1316877984E+01
1.4505494505494505	0.1312581936E+01
1.456043956043956	0.1308267663E+01
1.4615384615384615	0.1303935956E+01
1.467032967032967	0.1299587591E+01
1.4725274725274726	0.1295223331E+01
1.478021978021978	0.1290843923E+01
1.4835164835164836	0.1286450099E+01
1.489010989010989	0.1282042578E+01
1.4945054945054945	0.1277622064E+01
1.5	0.1273189244E+01
1.5054945054945055	0.1268744794E+01
1.510989010989011	0.1264289374E+01
1.5164835164835164	0.1259823629E+01
1.521978021978022	0.1255348192E+01
1.5274725274725274	0.1250863680E+01
1.532967032967033	0.1246370697E+01
1.5384615384615385	0.1241869834E+01
1.543956043956044	0.1237361668E+01
1.5494505494505495	0.1232846762E+01
1.554945054945055	0.1228325668E+01
1.5604395604395604	0.1223798921E+01
1.565934065934066	0.1219267049E+01
1.5714285714285714	0.1214730562E+01
1.5769230769230769	0.1210189962E+01
1.5824175824175823	0.1205645735E+01
1.5879120879120878	0.1201098360E+01
1.5934065934065933	0.1196548300E+01
1.598901098901099	0.1191996009E+01
1.6043956043956045	0.1187441928E+01
1.60989010989011	0.1182886490E+01
1.6153846153846154	0.1178330115E+01
1.620879120879121	0.1173773212E+01
1.6263736263736264	0.1169216183E+01
1.6318681318681318	0.1164659415E+01
1.6373626373626373	0.1160103291E+01
1.6428571428571428	0.1155548180E+01
1.6483516483516483	0.1150994443E+01
1.6538461538461537	0.1146442433E+01
1.6593406593406594	0.1141892492E+01
1.664835164835165	0.1137344956E+01
1.6703296703296704	0.1132800151E+01
1.6758241758241759	0.1128258393E+01
1.6813186813186813	0.1123719993E+01
1.6868131868131868	0.1119185252E+01
1.6923076923076923	0.1114654466E+01
1.6978021978021978	0.1110127920E+01
1.7032967032967032	0.1105605893E+01
1.7087912087912087	0.1101088659E+01
1.7142857142857142	0.1096576482E+01
1.7197802197802199	0.1092069621E+01
1.7252747252747254	0.1087568328E+01
1.7307692307692308	0.1083072848E+01
1.7362637362637363	0.1078583421E+01
1.7417582417582418	0.1074100279E+01
1.7472527472527473	0.1069623650E+01
1.7527472527472527	0.1065153756E+01
1.7582417582417582	0.1060690811E+01
1.7637362637362637	0.1056235026E+01
1.7692307692307692	0.1051786606E+01
1.7747252747252746	0.1047345749E+01
1.7802197802197801	0.1042912651E+01
1.7857142857142858	0.1038487500E+01
1.7912087912087913	0.1034070482E+01
1.7967032967032968	0.1029661774E+01
1.8021978021978022	0.1025261552E+01
1.8076923076923077	0.1020869987E+01
1.8131868131868132	0.1016487244E+01
1.8186813186813187	0.1012113484E+01
1.8241758241758241	0.1007748865E+01
1.8296703296703296	0.1003393540E+01
1.835164835164835	0.9990476565E+00
1.8406593406593406	0.9947113609E+00
1.8461538461538463	0.9903847935E+00
1.8516483516483517	0.9860680916E+00
1.8571428571428572	0.9817613886E+00
1.8626373626373627	0.9774648142E+00
1.8681318681318682	0.9731784946E+00
1.8736263736263736	0.9689025524E+00
1.879120879120879	0.9646371069E+00
1.8846153846153846	0.9603822739E+00
1.89010989010989	0.9561381660E+00
1.8956043956043955	0.9519048925E+00
1.901098901098901	0.9476825597E+00
1.9065934065934067	0.9434712706E+00
1.9120879120879122	0.9392711253E+00
1.9175824175824177	0.9350822207E+00
1.9230769230769231	0.9309046512E+00
1.9285714285714286	0.9267385080E+00
1.934065934065934	0.9225838796E+00
1.9395604395604396	0.9184408518E+00
1.945054945054945	0.9143095077E+00
1.9505494505494505	0.9101899276E+00
1.956043956043956	0.9060821894E+00
1.9615384615384615	0.9019863684E+00
1.967032967032967	0.8979025375E+00
1.9725274725274726	0.8938307669E+00
1.978021978021978	0.8897711247E+00
1.9835164835164836	0.8857236765E+00
1.989010989010989	0.8816884857E+00
1.9945054945054945	0.8776656132E+00
2.0	0.8736551180E+00
2.0054945054945055	0.8696570566E+00
2.010989010989011	0.8656714838E+00
2.0164835164835164	0.8616984518E+00
2.021978021978022	0.8577380111E+00
2.0274725274725274	0.8537902101E+00
2.032967032967033	0.8498550952E+00
2.0384615384615383	0.8459327108E+00
2.043956043956044	0.8420230996E+00
2.0494505494505493	0.8381263022E+00
2.0549450549450547	0.8342423576E+00
2.0604395604395602	0.8303713027E+00
2.065934065934066	0.8265131730E+00
2.0714285714285716	0.8226680020E+00
2.076923076923077	0.8188358217E+00
2.0824175824175826	0.8150166622E+00
2.087912087912088	0.8112105523E+00
2.0934065934065935	0.8074175189E+00
2.098901098901099	0.8036375875E+00
2.1043956043956045	0.7998707820E+00
2.10989010989011	0.7961171248E+00
2.1153846153846154	0.7923766370E+00
2.120879120879121	0.7886493379E+00
2.1263736263736264	0.7849352456E+00
2.131868131868132	0.7812343769E+00
2.1373626373626373	0.7775467470E+00
2.142857142857143	0.7738723699E+00
2.1483516483516483	0.7702112584E+00
2.1538461538461537	0.7665634237E+00
2.159340659340659	0.7629288760E+00
2.1648351648351647	0.7593076243E+00
2.17032967032967	0.7556996761E+00
2.1758241758241756	0.7521050381E+00
2.181318681318681	0.7485237154E+00
2.1868131868131866	0.7449557123E+00
2.1923076923076925	0.7414010320E+00
2.197802197802198	0.7378596763E+00
2.2032967032967035	0.7343316462E+00
2.208791208791209	0.7308169415E+00
2.2142857142857144	0.7273155612E+00
2.21978021978022	0.7238275029E+00
2.2252747252747254	0.7203527637E+00
2.230769230769231	0.7168913393E+00
2.2362637362637363	0.7134432247E+00
2.241758241758242	0.7100084140E+00
2.2472527472527473	0.7065869001E+00
2.2527472527472527	0.7031786754E+00
2.258241758241758	0.6997837312E+00
2.2637362637362637	0.6964020580E+00
2.269230769230769	0.6930336454E+00
2.2747252747252746	0.6896784824E+00
2.28021978021978	0.6863365569E+00
2.2857142857142856	0.6830078563E+00
2.291208791208791	0.6796923670E+00
2.2967032967032965	0.6763900749E+00
2.302197802197802	0.6731009650E+00
2.3076923076923075	0.6698250216E+00
2.3131868131868134	0.6665622283E+00
2.318681318681319	0.6633125681E+00
2.3241758241758244	0.6600760233E+00
2.32967032967033	0.6568525755E+00
2.3351648351648353	0.6536422057E+00
2.340659340659341	0.6504448942E+00
2.3461538461538463	0.6472606209E+00
2.3516483516483517	0.6440893648E+00
2.357142857142857	0.6409311047E+00
2.3626373626373627	0.6377858184E+00
2.368131868131868	0.6346534834E+00
2.3736263736263736	0.6315340768E+00
2.379120879120879	0.6284275748E+00
2.3846153846153846	0.6253339533E+00
2.39010989010989	0.6222531877E+00
2.3956043956043955	0.6191852530E+00
2.401098901098901	0.6161301234E+00
2.4065934065934065	0.6130877729E+00
2.412087912087912	0.6100581751E+00
2.4175824175824174	0.6070413029E+00
2.423076923076923	0.6040371289E+00
2.4285714285714284	0.6010456254E+00
2.434065934065934	0.5980667640E+00
2.4395604395604398	0.5951005161E+00
2.4450549450549453	0.5921468527E+00
2.4505494505494507	0.5892057445E+00
2.456043956043956	0.5862771615E+00
2.4615384615384617	0.5833610736E+00
2.467032967032967	0.5804574505E+00
2.4725274725274726	0.5775662611E+00
2.478021978021978	0.5746874744E+00
2.4835164835164836	0.5718210588E+00
2.489010989010989	0.5689669826E+00
2.4945054945054945	0.5661252136E+00
2.5	0.5632957193E+00
2.5054945054945055	0.5604784672E+00
2.510989010989011	0.5576734242E+00
2.5164835164835164	0.5548805571E+00
2.521978021978022	0.5520998322E+00
2.5274725274725274	0.5493312159E+00
2.532967032967033	0.5465746742E+00
2.5384615384615383	0.5438301727E+00
2.543956043956044	0.5410976770E+00
2.5494505494505493	0.5383771522E+00
2.5549450549450547	0.5356685636E+00
2.5604395604395602	0.5329718759E+00
2.565934065934066	0.5302870537E+00
2.5714285714285716	0.5276140615E+00
2.576923076923077	0.5249528636E+00
2.5824175824175826	0.5223034239E+00
2.587912087912088	0.5196657064E+00
2.5934065934065935	0.5170396748E+00
2.598901098901099	0.5144252927E+00
2.6043956043956045	0.5118225233E+00
2.60989010989011	0.5092313300E+00
2.6153846153846154	0.5066516759E+00
2.620879120879121	0.5040835238E+00
2.6263736263736264	0.5015268365E+00
2.631868131868132	0.4989815768E+00
2.6373626373626373	0.4964477072E+00
2.642857142857143	0.4939251901E+00
2.6483516483516483	0.4914139879E+00
2.6538461538461537	0.4889140627E+00
2.659340659340659	0.4864253766E+00
2.6648351648351647	0.4839478916E+00
2.67032967032967	0.4814815697E+00
2.6758241758241756	0.4790263727E+00
2.681318681318681	0.4765822622E+00
2.6868131868131866	0.4741491999E+00
2.6923076923076925	0.4717271475E+00
2.697802197802198	0.4693160663E+00
2.7032967032967035	0.4669159179E+00
2.708791208791209	0.4645266636E+00
2.7142857142857144	0.4621482647E+00
2.71978021978022	0.4597806824E+00
2.7252747252747254	0.4574238780E+00
2.730769230769231	0.4550778127E+00
2.7362637362637363	0.4527424475E+00
2.741758241758242	0.4504177436E+00
2.7472527472527473	0.4481036024E+00
2.7527472527472527	0.4458000448E+00
2.758241758241758	0.4435070317E+00
2.7637362637362637	0.4412245240E+00
2.769230769230769	0.4389524827E+00
2.7747252747252746	0.4366908687E+00
2.78021978021978	0.4344396428E+00
2.7857142857142856	0.4321987661E+00
2.791208791208791	0.4299681993E+00
2.7967032967032965	0.4277479034E+00
2.802197802197802	0.4255378392E+00
2.8076923076923075	0.4233379675E+00
2.8131868131868134	0.4211482494E+00
2.818681318681319	0.4189686455E+00
2.8241758241758244	0.4167991170E+00
2.82967032967033	0.4146396245E+00
2.8351648351648353	0.4124901292E+00
2.840659340659341	0.4103505918E+00
2.8461538461538463	0.4082209734E+00
2.8516483516483517	0.4061012350E+00
2.857142857142857	0.4039913375E+00
2.8626373626373627	0.4018912419E+00
2.868131868131868	0.3998009095E+00
2.8736263736263736	0.3977203011E+00
2.879120879120879	0.3956493781E+00
2.8846153846153846	0.3935881014E+00
2.89010989010989	0.3915364324E+00
2.8956043956043955	0.3894943323E+00
2.901098901098901	0.3874617623E+00
2.9065934065934065	0.3854386839E+00
2.912087912087912	0.3834250583E+00
2.9175824175824174	0.3814208470E+00
2.923076923076923	0.3794260115E+00
2.9285714285714284	0.3774405133E+00
2.934065934065934	0.3754643140E+00
2.9395604395604398	0.3734973753E+00
2.9450549450549453	0.3715396588E+00
2.9505494505494507	0.3695911263E+00
2.956043956043956	0.3676517396E+00
2.9615384615384617	0.3657214606E+00
2.967032967032967	0.3638002513E+00
2.9725274725274726	0.3618880736E+00
2.978021978021978	0.3599848897E+00
2.9835164835164836	0.3580906616E+00
2.989010989010989	0.3562053517E+00
2.9945054945054945	0.3543289222E+00
3.0	0.3524613354E+00
3.0054945054945055	0.3506025539E+00
3.010989010989011	0.3487525400E+00
3.0164835164835164	0.3469112565E+00
3.021978021978022	0.3450786660E+00
3.0274725274725274	0.3432547311E+00
3.032967032967033	0.3414394149E+00
3.0384615384615383	0.3396326801E+00
3.043956043956044	0.3378344898E+00
3.0494505494505493	0.3360448070E+00
3.0549450549450547	0.3342635949E+00
3.0604395604395602	0.3324908168E+00
3.065934065934066	0.3307264360E+00
3.0714285714285716	0.3289704159E+00
3.076923076923077	0.3272227200E+00
3.0824175824175826	0.3254833120E+00
3.087912087912088	0.3237521554E+00
3.0934065934065935	0.3220292142E+00
3.098901098901099	0.3203144522E+00
3.1043956043956045	0.3186078333E+00
3.10989010989011	0.3169093217E+00
3.1153846153846154	0.3152188814E+00
3.120879120879121	0.3135364768E+00
3.1263736263736264	0.3118620721E+00
3.131868131868132	0.3101956319E+00
3.1373626373626373	0.3085371207E+00
3.142857142857143	0.3068865031E+00
3.1483516483516483	0.3052437438E+00
3.1538461538461537	0.3036088078E+00
3.159340659340659	0.3019816599E+00
3.1648351648351647	0.3003622653E+00
3.17032967032967	0.2987505889E+00
3.1758241758241756	0.2971465962E+00
3.181318681318681	0.2955502524E+00
3.1868131868131866	0.2939615231E+00
3.1923076923076925	0.2923803736E+00
3.197802197802198	0.2908067698E+00
3.2032967032967035	0.2892406774E+00
3.208791208791209	0.2876820622E+00
3.2142857142857144	0.2861308902E+00
3.21978021978022	0.2845871276E+00
3.2252747252747254	0.2830507404E+00
3.230769230769231	0.2815216950E+00
3.2362637362637363	0.2799999578E+00
3.241758241758242	0.2784854953E+00
3.2472527472527473	0.2769782740E+00
3.2527472527472527	0.2754782608E+00
3.258241758241758	0.2739854225E+00
3.2637362637362637	0.2724997260E+00
3.269230769230769	0.2710211382E+00
3.2747252747252746	0.2695496265E+00
3.28021978021978	0.2680851581E+00
3.2857142857142856	0.2666277002E+00
3.291208791208791	0.2651772205E+00
3.2967032967032965	0.2637336865E+00
3.302197802197802	0.2622970659E+00
3.3076923076923075	0.2608673265E+00
3.3131868131868134	0.2594444363E+00
3.318681318681319	0.2580283633E+00
3.3241758241758244	0.2566190755E+00
3.32967032967033	0.2552165414E+00
3.3351648351648353	0.2538207292E+00
3.340659340659341	0.2524316074E+00
3.3461538461538463	0.2510491446E+00
3.3516483516483517	0.2496733095E+00
3.357142857142857	0.2483040710E+00
3.3626373626373627	0.2469413979E+00
3.368131868131868	0.2455852592E+00
3.3736263736263736	0.2442356241E+00
3.379120879120879	0.2428924620E+00
3.3846153846153846	0.2415557420E+00
3.39010989010989	0.2402254338E+00
3.3956043956043955	0.2389015068E+00
3.401098901098901	0.2375839308E+00
3.4065934065934065	0.2362726757E+00
3.412087912087912	0.2349677113E+00
3.4175824175824174	0.2336690076E+00
3.423076923076923	0.2323765349E+00
3.4285714285714284	0.2310902633E+00
3.434065934065934	0.2298101632E+00
3.4395604395604398	0.2285362052E+00
3.4450549450549453	0.2272683598E+00
3.4505494505494507	0.2260065976E+00
3.456043956043956	0.2247508896E+00
3.4615384615384617	0.2235012067E+00
3.467032967032967	0.2222575198E+00
3.4725274725274726	0.2210198001E+00
3.478021978021978	0.2197880189E+00
3.4835164835164836	0.2185621476E+00
3.489010989010989	0.2173421575E+00
3.4945054945054945	0.2161280204E+00
3.5	0.2149197078E+00
3.5054945054945055	0.2137171917E+00
3.510989010989011	0.2125204439E+00
3.5164835164835164	0.2113294364E+00
3.521978021978022	0.2101441414E+00
3.5274725274725274	0.2089645312E+00
3.532967032967033	0.2077905780E+00
3.5384615384615383	0.2066222544E+00
3.543956043956044	0.2054595329E+00
3.5494505494505493	0.2043023862E+00
3.5549450549450547	0.2031507871E+00
3.5604395604395602	0.2020047085E+00
3.565934065934066	0.2008641234E+00
3.5714285714285716	0.1997290048E+00
3.576923076923077	0.1985993261E+00
3.5824175824175826	0.1974750606E+00
3.587912087912088	0.1963561817E+00
3.5934065934065935	0.1952426629E+00
3.598901098901099	0.1941344779E+00
3.6043956043956045	0.1930316004E+00
3.60989010989011	0.1919340043E+00
3.6153846153846154	0.1908416637E+00
3.620879120879121	0.1897545524E+00
3.6263736263736264	0.1886726449E+00
3.631868131868132	0.1875959152E+00
3.6373626373626373	0.1865243379E+00
3.642857142857143	0.1854578874E+00
3.6483516483516483	0.1843965383E+00
3.6538461538461537	0.1833402653E+00
3.659340659340659	0.1822890432E+00
3.6648351648351647	0.1812428471E+00
3.67032967032967	0.1802016517E+00
3.6758241758241756	0.1791654324E+00
3.681318681318681	0.1781341643E+00
3.6868131868131866	0.1771078228E+00
3.6923076923076925	0.1760863832E+00
3.697802197802198	0.1750698212E+00
3.7032967032967035	0.1740581123E+00
3.708791208791209	0.1730512323E+00
3.7142857142857144	0.1720491570E+00
3.71978021978022	0.1710518624E+00
3.7252747252747254	0.1700593245E+00
3.730769230769231	0.1690715195E+00
3.7362637362637363	0.1680884236E+00
3.741758241758242	0.1671100131E+00
3.7472527472527473	0.1661362645E+00
3.7527472527472527	0.1651671543E+00
3.758241758241758	0.1642026592E+00
3.7637362637362637	0.1632427560E+00
3.769230769230769	0.1622874213E+00
3.7747252747252746	0.1613366323E+00
3.78021978021978	0.1603903659E+00
3.7857142857142856	0.1594485993E+00
3.791208791208791	0.1585113096E+00
3.7967032967032965	0.1575784743E+00
3.802197802197802	0.1566500707E+00
3.8076923076923075	0.1557260764E+00
3.8131868131868134	0.1548064690E+00
3.818681318681319	0.1538912262E+00
3.8241758241758244	0.1529803258E+00
3.82967032967033	0.1520737458E+00
3.8351648351648353	0.1511714640E+00
3.840659340659341	0.1502734587E+00
3.8461538461538463	0.1493797079E+00
3.8516483516483517	0.1484901901E+00
3.857142857142857	0.1476048835E+00
3.8626373626373627	0.1467237667E+00
3.868131868131868	0.1458468181E+00
3.8736263736263736	0.1449740166E+00
3.879120879120879	0.1441053407E+00
3.8846153846153846	0.1432407693E+00
3.89010989010989	0.1423802815E+00
3.8956043956043955	0.1415238561E+00
3.901098901098901	0.1406714723E+00
3.9065934065934065	0.1398231094E+00
3.912087912087912	0.1389787466E+00
3.9175824175824174	0.1381383633E+00
3.923076923076923	0.1373019389E+00
3.9285714285714284	0.1364694532E+00
3.934065934065934	0.1356408856E+00
3.9395604395604398	0.1348162159E+00
3.9450549450549453	0.1339954240E+00
3.9505494505494507	0.1331784898E+00
3.956043956043956	0.1323653933E+00
3.9615384615384617	0.1315561146E+00
3.967032967032967	0.1307506339E+00
3.9725274725274726	0.1299489314E+00
3.978021978021978	0.1291509876E+00
3.9835164835164836	0.1283567827E+00
3.989010989010989	0.1275662975E+00
3.9945054945054945	0.1267795124E+00
4.0	0.1259964082E+00
4.0054945054945055	0.1252169656E+00
4.010989010989011	0.1244411656E+00
4.016483516483516	0.1236689891E+00
4.021978021978022	0.1229004171E+00
4.027472527472527	0.1221354307E+00
4.032967032967033	0.1213740112E+00
4.038461538461538	0.1206161398E+00
4.043956043956044	0.1198617979E+00
4.049450549450549	0.1191109669E+00
4.054945054945055	0.1183636284E+00
4.06043956043956	0.1176197639E+00
4.065934065934066	0.1168793553E+00
4.071428571428571	0.1161423842E+00
4.076923076923077	0.1154088324E+00
4.082417582417582	0.1146786821E+00
4.087912087912088	0.1139519151E+00
4.093406593406593	0.1132285135E+00
4.0989010989010985	0.1125084595E+00
4.104395604395604	0.1117917355E+00
4.1098901098901095	0.1110783236E+00
4.115384615384615	0.1103682063E+00
4.1208791208791204	0.1096613661E+00
4.126373626373627	0.1089577856E+00
4.131868131868132	0.1082574474E+00
4.137362637362638	0.1075603343E+00
4.142857142857143	0.1068664289E+00
4.148351648351649	0.1061757142E+00
4.153846153846154	0.1054881732E+00
4.15934065934066	0.1048037888E+00
4.164835164835165	0.1041225441E+00
4.170329670329671	0.1034444224E+00
4.175824175824176	0.1027694068E+00
4.181318681318682	0.1020974808E+00
4.186813186813187	0.1014286276E+00
4.1923076923076925	0.1007628308E+00
4.197802197802198	0.1001000739E+00
4.2032967032967035	0.9944034044E-01
4.208791208791209	0.9878361422E-01
4.214285714285714	0.9812987894E-01
4.21978021978022	0.9747911846E-01
4.225274725274725	0.9683131666E-01
4.230769230769231	0.9618645753E-01
4.236263736263736	0.9554452510E-01
4.241758241758242	0.9490550349E-01
4.247252747252747	0.9426937689E-01
4.252747252747253	0.9363612955E-01
4.258241758241758	0.9300574581E-01
4.263736263736264	0.9237821004E-01
4.269230769230769	0.9175350673E-01
4.274725274725275	0.9113162040E-01
4.28021978021978	0.9051253565E-01
4.285714285714286	0.8989623715E-01
4.291208791208791	0.8928270963E-01
4.2967032967032965	0.8867193792E-01
4.302197802197802	0.8806390686E-01
4.3076923076923075	0.8745860141E-01
4.313186813186813	0.8685600657E-01
4.318681318681318	0.8625610740E-01
4.324175824175824	0.8565888905E-01
4.329670329670329	0.8506433673E-01
4.335164835164835	0.8447243569E-01
4.34065934065934	0.8388317127E-01
4.346153846153846	0.8329652887E-01
4.351648351648351	0.8271249395E-01
4.357142857142857	0.8213105203E-01
4.362637362637362	0.8155218872E-01
4.368131868131868	0.8097588965E-01
4.373626373626373	0.8040214056E-01
4.3791208791208796	0.7983092720E-01
4.384615384615385	0.7926223544E-01
4.3901098901098905	0.7869605117E-01
4.395604395604396	0.7813236036E-01
4.4010989010989015	0.7757114904E-01
4.406593406593407	0.7701240330E-01
4.412087912087912	0.7645610928E-01
4.417582417582418	0.7590225320E-01
4.423076923076923	0.7535082133E-01
4.428571428571429	0.7480180000E-01
4.434065934065934	0.7425517560E-01
4.43956043956044	0.7371093459E-01
4.445054945054945	0.7316906347E-01
4.450549450549451	0.7262954882E-01
4.456043956043956	0.7209237725E-01
4.461538461538462	0.7155753547E-01
4.467032967032967	0.7102501021E-01
4.472527472527473	0.7049478827E-01
4.478021978021978	0.6996685652E-01
4.483516483516484	0.6944120187E-01
4.489010989010989	0.6891781130E-01
4.4945054945054945	0.6839667183E-01
4.5	0.6787777056E-01
4.5054945054945055	0.6736109462E-01
4.510989010989011	0.6684663122E-01
4.516483516483516	0.6633436761E-01
4.521978021978022	0.6582429110E-01
4.527472527472527	0.6531638906E-01
4.532967032967033	0.6481064890E-01
4.538461538461538	0.6430705809E-01
4.543956043956044	0.6380560418E-01
4.549450549450549	0.6330627473E-01
4.554945054945055	0.6280905738E-01
4.56043956043956	0.6231393982E-01
4.565934065934066	0.6182090980E-01
4.571428571428571	0.6132995510E-01
4.576923076923077	0.6084106357E-01
4.582417582417582	0.6035422312E-01
4.587912087912088	0.5986942169E-01
4.593406593406593	0.5938664728E-01
4.5989010989010985	0.5890588796E-01
4.604395604395604	0.5842713181E-01
4.6098901098901095	0.5795036700E-01
4.615384615384615	0.5747558174E-01
4.6208791208791204	0.5700276428E-01
4.626373626373627	0.5653190292E-01
4.631868131868132	0.5606298603E-01
4.637362637362638	0.5559600200E-01
4.642857142857143	0.5513093930E-01
4.648351648351649	0.5466778642E-01
4.653846153846154	0.5420653192E-01
4.65934065934066	0.5374716440E-01
4.664835164835165	0.5328967250E-01
4.670329670329671	0.5283404493E-01
4.675824175824176	0.5238027043E-01
4.681318681318682	0.5192833778E-01
4.686813186813187	0.5147823584E-01
4.6923076923076925	0.5102995347E-01
4.697802197802198	0.5058347962E-01
4.7032967032967035	0.5013880327E-01
4.708791208791209	0.4969591343E-01
4.714285714285714	0.4925479918E-01
4.71978021978022	0.4881544963E-01
4.725274725274725	0.4837785394E-01
4.730769230769231	0.4794200132E-01
4.736263736263736	0.4750788103E-01
4.741758241758242	0.4707548234E-01
4.747252747252747	0.4664479461E-01
4.752747252747253	0.4621580722E-01
4.758241758241758	0.4578850959E-01
4.763736263736264	0.4536289120E-01
4.769230769230769	0.4493894155E-01
4.774725274725275	0.4451665021E-01
4.78021978021978	0.4409600677E-01
4.785714285714286	0.4367700088E-01
4.791208791208791	0.4325962222E-01
4.7967032967032965	0.4284386052E-01
4.802197802197802	0.4242970554E-01
4.8076923076923075	0.4201714710E-01
4.813186813186813	0.4160617504E-01
4.818681318681318	0.4119677925E-01
4.824175824175824	0.4078894968E-01
4.829670329670329	0.4038267629E-01
4.835164835164835	0.3997794909E-01
4.84065934065934	0.3957475814E-01
4.846153846153846	0.3917309353E-01
4.851648351648351	0.3877294540E-01
4.857142857142857	0.3837430391E-01
4.862637362637362	0.3797715928E-01
4.868131868131868	0.3758150175E-01
4.873626373626373	0.3718732163E-01
4.8791208791208796	0.3679460922E-01
4.884615384615385	0.3640335490E-01
4.8901098901098905	0.3601354907E-01
4.895604395604396	0.3562518216E-01
4.9010989010989015	0.3523824467E-01
4.906593406593407	0.3485272710E-01
4.912087912087912	0.3446862000E-01
4.917582417582418	0.3408591397E-01
4.923076923076923	0.3370459962E-01
4.928571428571429	0.3332466762E-01
4.934065934065934	0.3294610867E-01
4.93956043956044	0.3256891350E-01
4.945054945054945	0.3219307287E-01
4.950549450549451	0.3181857759E-01
4.956043956043956	0.3144541851E-01
4.961538461538462	0.3107358649E-01
4.967032967032967	0.3070307244E-01
4.972527472527473	0.3033386730E-01
4.978021978021978	0.2996596205E-01
4.983516483516484	0.2959934771E-01
4.989010989010989	0.2923401530E-01
4.9945054945054945	0.2886995593E-01
5.0	0.2850716068E-01
5.0054945054945055	0.2814562071E-01
5.010989010989011	0.2778532719E-01
5.016483516483516	0.2742627134E-01
5.021978021978022	0.2706844439E-01
5.027472527472527	0.2671183761E-01
5.032967032967033	0.2635644232E-01
5.038461538461538	0.2600224984E-01
5.043956043956044	0.2564925155E-01
5.049450549450549	0.2529743885E-01
5.054945054945055	0.2494680316E-01
5.06043956043956	0.2459733594E-01
5.065934065934066	0.2424902869E-01
5.071428571428571	0.2390187293E-01
5.076923076923077	0.2355586020E-01
5.082417582417582	0.2321098210E-01
5.087912087912088	0.2286723022E-01
5.093406593406593	0.2252459622E-01
5.0989010989010985	0.2218307175E-01
5.104395604395604	0.2184264852E-01
5.1098901098901095	0.2150331825E-01
5.115384615384615	0.2116507270E-01
5.1208791208791204	0.2082790364E-01
5.126373626373627	0.2049180290E-01
5.131868131868132	0.2015676230E-01
5.137362637362638	0.1982277372E-01
5.142857142857143	0.1948982904E-01
5.148351648351649	0.1915792019E-01
5.153846153846154	0.1882703911E-01
5.15934065934066	0.1849717777E-01
5.164835164835165	0.1816832818E-01
5.170329670329671	0.1784048236E-01
5.175824175824176	0.1751363236E-01
5.181318681318682	0.1718777026E-01
5.186813186813187	0.1686288816E-01
5.1923076923076925	0.1653897819E-01
5.197802197802198	0.1621603249E-01
5.2032967032967035	0.1589404325E-01
5.208791208791209	0.1557300267E-01
5.214285714285714	0.1525290296E-01
5.21978021978022	0.1493373639E-01
5.225274725274725	0.1461549521E-01
5.230769230769231	0.1429817174E-01
5.236263736263736	0.1398175828E-01
5.241758241758242	0.1366624718E-01
5.247252747252747	0.1335163080E-01
5.252747252747253	0.1303790153E-01
5.258241758241758	0.1272505178E-01
5.263736263736264	0.1241307398E-01
5.269230769230769	0.1210196058E-01
5.274725274725275	0.1179170406E-01
5.28021978021978	0.1148229690E-01
5.285714285714286	0.1117373163E-01
5.291208791208791	0.1086600078E-01
5.2967032967032965	0.1055909691E-01
5.302197802197802	0.1025301259E-01
5.3076923076923075	0.9947740415E-02
5.313186813186813	0.9643273008E-02
5.318681318681318	0.9339602999E-02
5.324175824175824	0.9036723042E-02
5.329670329670329	0.8734625808E-02
5.335164835164835	0.8433303988E-02
5.34065934065934	0.8132750288E-02
5.346153846153846	0.7832957435E-02
5.351648351648351	0.7533918170E-02
5.357142857142857	0.7235625255E-02
5.362637362637362	0.6938071464E-02
5.368131868131868	0.6641249591E-02
5.373626373626373	0.6345152444E-02
5.3791208791208796	0.6049772848E-02
5.384615384615385	0.5755103643E-02
5.3901098901098905	0.5461137683E-02
5.395604395604396	0.5167867838E-02
5.4010989010989015	0.4875286991E-02
5.406593406593407	0.4583388042E-02
5.412087912087912	0.4292163901E-02
5.417582417582418	0.4001607495E-02
5.423076923076923	0.3711711762E-02
5.428571428571429	0.3422469653E-02
5.434065934065934	0.3133874135E-02
5.43956043956044	0.2845918186E-02
5.445054945054945	0.2558594795E-02
5.450549450549451	0.2271896969E-02
5.456043956043956	0.1985817724E-02
5.461538461538462	0.1700350094E-02
5.467032967032967	0.1415487124E-02
5.472527472527473	0.1131221877E-02
5.478021978021978	0.8475474330E-03
5.483516483516484	0.5644568898E-03
5.489010989010989	0.2819433654E-03
5.4945054945054945	0.0000000000E+00
5.5	0.0
5.5054945054945055	0.0
5.510989010989011	0.0
