0.	143.653763
0.00412925566	143.764175
0.00825851131	143.97348
0.0123877665	144.241165
0.0165170226	144.554138
0.0206462778	144.904434
0.024775533	145.286377
0.0289047901	145.695526
0.0330340452	146.12822
0.0371633023	146.581253
0.0412925556	147.051788
0.0454218127	147.537201
0.049551066	148.035034
0.0536803231	148.542938
0.0578095801	149.05867
0.0619388334	149.580002
0.0660680905	150.104782
0.0701973438	150.630859
0.0743266046	151.156082
0.0784558579	151.678299
0.0825851113	152.195374
0.0867143646	152.705139
0.0908436254	153.205414
0.0949728787	153.694
0.099102132	154.168671
0.103231393	154.627182
0.107360646	155.067261
0.111489899	155.486649
0.11561916	155.883011
0.119748414	156.254028
0.123877667	156.597366
0.12800692	156.910645
0.132136181	157.191528
0.136265442	157.437607
0.140394688	157.646515
0.144523948	157.815872
0.148653209	157.943298
0.152782455	158.026428
0.156911716	158.062912
0.161040977	158.05043
0.165170223	157.986664
0.169299483	157.86937
0.173428744	157.696289
0.17755799	157.465256
0.181687251	157.174133
0.185816497	156.820847
0.189945757	156.403412
0.194075018	155.919891
0.198204264	155.368454
0.202333525	154.747345
0.206462786	154.054932
0.210592031	153.289642
0.214721292	152.450073
0.218850553	151.534927
0.222979799	150.54303
0.22710906	149.473358
0.23123832	148.325043
0.235367566	147.097351
0.239496827	145.789749
0.243626088	144.40184
0.247755334	142.933426
0.25188458	141.384506
0.25601384	139.755234
0.260143101	138.046021
0.264272362	136.257446
0.268401623	134.390289
0.272530884	132.445587
0.276660115	130.424545
0.280789375	128.328629
0.284918636	126.159523
0.289047897	123.919113
0.293177158	121.609528
0.297306418	119.233124
0.301435649	116.792473
0.30556491	114.290375
0.309694171	111.729836
0.313823432	109.114082
0.317952693	106.446548
0.322081953	103.730865
0.326211184	100.97084
0.330340445	98.1704941
0.334469706	95.3339844
0.338598967	92.4656525
0.342728227	89.5699768
0.346857458	86.6515732
0.350986719	83.7151794
0.35511598	80.765625
0.359245241	77.8078384
0.363374501	74.8468018
0.367503762	71.8875885
0.371632993	68.9352341
0.375762254	65.994873
0.379891515	63.0715485
0.384020776	60.1703415
0.388150036	57.2962418
0.392279297	54.4541855
0.396408528	51.6490326
0.400537789	48.8854675
0.40466705	46.1681366
0.40879631	43.5014267
0.412925571	40.8896523
0.417054832	38.3368759
0.421184063	35.84692
0.425313324	33.4234505
0.429442585	31.0697842
0.433571845	28.7890625
0.437701106	26.5841045
0.441830367	24.4574146
0.445959598	22.4112644
0.450088859	20.4475288
0.454218119	18.5678082
0.45834738	16.7733765
0.462476641	15.0651569
0.466605902	13.4437504
0.470735133	11.9094334
0.474864393	10.4621515
0.478993654	9.1014967
0.483122915	7.82680464
0.487252176	6.63707495
0.491381407	5.53095627
0.495510668	4.50693703
0.499639928	3.56316066
0.503769159	2.69746256
0.50789845	1.90761554
0.512027681	1.19106388
0.516156971	0.544987738
0.520286202	-0.0333786197
0.524415493	-0.547088563
0.528544724	-0.999438763
0.532673955	-1.39353025
0.536803246	-1.73268533
0.540932477	-2.02048898
0.545061767	-2.26016951
0.549190998	-2.45511842
0.553320229	-2.60892773
0.55744952	-2.72484589
0.561578751	-2.80612707
0.565708041	-2.85611653
0.569837272	-2.87797499
0.573966563	-2.87464833
0.578095794	-2.84908152
0.582225025	-2.80418372
0.586354315	-2.74249959
0.590483546	-2.6665256
0.594612837	-2.57868004
0.598742068	-2.48113513
0.602871299	-2.37589645
0.607000589	-2.26483202
0.61112982	-2.1496551
0.615259111	-2.0319078
0.619388342	-1.91297626
0.623517573	-1.79405057
0.627646863	-1.67621267
0.631776094	-1.56043696
0.635905385	-1.44752967
0.640034616	-1.3380444
0.644163907	-1.23261118
0.648293138	-1.13170528
0.652422369	-1.03566039
0.656551659	-0.944552839
0.66068089	-0.858689308
0.664810181	-0.77817297
0.668939412	-0.702997386
0.673068643	-0.632972896
0.677197933	-0.568152368
0.681327164	-0.508419573
0.685456455	-0.453583568
0.689585686	-0.403313041
0.693714976	-0.357517749
0.697844207	-0.31597659
0.701973438	-0.2784383
0.706102729	-0.244525447
0.71023196	-0.214087486
0.71436125	-0.186879978
0.718490481	-0.162654817
0.722619712	-0.141094849
0.726749003	-0.122007675
0.730878234	-0.105183251
0.735007524	-0.0904095173
0.739136755	-0.0774647072
0.743265986	-0.0661565736
0.747395277	-0.056323003
0.751524508	-0.0478017926
0.755653799	-0.0404433496
0.75978303	-0.0341115184
0.76391232	-0.0286788549
0.768041551	-0.0240313467
0.772170782	-0.0200670026
0.776300073	-0.0167094227
0.780429304	-0.0138745187
0.784558594	-0.0114806555
0.788687825	-0.00946265273
0.792817056	-0.00776493782
0.796946347	-0.00636871951
0.801075578	-0.00520638656
0.805204868	-0.0042386516
0.809334099	-0.00343251438
0.81346333	-0.00276770187
0.817592621	-0.00223633577
0.821721852	-0.00180056808
0.825851142	-0.0014418175
0.829980373	-0.00114515866
0.834109664	-0.000906609232
0.838238895	-0.000722528377
0.842368126	-0.000573598896
0.846497416	-0.000451864704
0.850626647	-0.000351235445
0.854755938	-0.00027222716
0.858885169	-0.000214481377
0.8630144	-0.000168350234
0.867143691	-0.000130724598
0.871272922	-9.93320427E-05
0.875402212	-7.46338555E-05
0.879531443	-5.83573565E-05
0.883660734	-4.55384798E-05
0.887789965	-3.5060566E-05
0.891919196	-2.61356145E-05
0.896048486	-1.85551562E-05
0.900177717	-1.44771802E-05
0.904307008	-1.13369224E-05
0.908436239	-8.76386184E-06
0.91256547	-6.49972753E-06
0.91669476	-4.39850419E-06
0.920823991	-3.2137707E-06
0.924953282	-2.51710162E-06
0.929082513	-1.9402662E-06
0.933211744	-1.40741815E-06
0.937341034	-8.76870388E-07
0.941470265	-4.36002608E-07
0.945599556	-3.24671561E-07
