0.0000000E+00	96.86700
4.0764217E-03	96.98357
8.1528435E-03	97.10015
1.2229266E-02	97.25301
1.6305687E-02	97.43559
2.0382110E-02	97.64404
2.4458531E-02	97.87566
2.8534953E-02	98.12844
3.2611374E-02	98.40076
3.6687799E-02	98.69126
4.0764220E-02	98.99879
4.4840641E-02	99.32232
4.8917063E-02	99.66092
5.2993484E-02	100.0138
5.7069905E-02	100.3800
6.1146330E-02	100.7590
6.5222748E-02	101.1499
6.9299169E-02	101.5521
7.3375598E-02	101.9649
7.7452019E-02	102.3877
8.1528440E-02	102.8197
8.5604861E-02	103.2603
8.9681283E-02	103.7089
9.3757704E-02	104.1647
9.7834125E-02	104.6272
0.1019105	105.0956
0.1059870	105.5693
0.1100634	106.0475
0.1141398	106.5295
0.1182162	107.0146
0.1222927	107.5021
0.1263691	107.9911
0.1304455	108.4810
0.1345219	108.9708
0.1385983	109.4599
0.1426748	109.9473
0.1467512	110.4322
0.1508276	110.9136
0.1549040	111.3908
0.1589805	111.8628
0.1630569	112.3286
0.1671333	112.7873
0.1712097	113.2379
0.1752861	113.6794
0.1793626	114.1108
0.1834390	114.5310
0.1875154	114.9390
0.1915918	115.3336
0.1956683	115.7139
0.1997447	116.0786
0.2038211	116.4267
0.2078975	116.7569
0.2119739	117.0682
0.2160504	117.3594
0.2201268	117.6293
0.2242032	117.8766
0.2282796	118.1002
0.2323560	118.2989
0.2364325	118.4715
0.2405089	118.6167
0.2445853	118.7333
0.2486617	118.8202
0.2527381	118.8761
0.2568146	118.8998
0.2608910	118.8901
0.2649674	118.8459
0.2690438	118.7660
0.2731203	118.6492
0.2771967	118.4945
0.2812731	118.3007
0.2853495	118.0667
0.2894260	117.7916
0.2935024	117.4743
0.2975788	117.1140
0.3016552	116.7095
0.3057317	116.2602
0.3098081	115.7652
0.3138845	115.2237
0.3179609	114.6350
0.3220373	113.9985
0.3261138	113.3136
0.3301902	112.5799
0.3342666	111.7968
0.3383430	110.9641
0.3424194	110.0814
0.3464959	109.1487
0.3505723	108.1658
0.3546487	107.1328
0.3587251	106.0497
0.3628016	104.9168
0.3668780	103.7343
0.3709544	102.5028
0.3750308	101.2226
0.3791072	99.89450
0.3831837	98.51917
0.3872601	97.09747
0.3913365	95.63036
0.3954129	94.11894
0.3994893	92.56438
0.4035658	90.96799
0.4076422	89.33121
0.4117186	87.65553
0.4157950	85.94260
0.4198714	84.19418
0.4239479	82.41209
0.4280243	80.59830
0.4321007	78.75485
0.4361771	76.88388
0.4402536	74.98763
0.4443300	73.06838
0.4484064	71.12855
0.4524828	69.17059
0.4565592	67.19704
0.4606357	65.21047
0.4647121	63.21355
0.4687885	61.20891
0.4728649	59.19934
0.4769414	57.18754
0.4810178	55.17628
0.4850942	53.16838
0.4891706	51.16659
0.4932471	49.17367
0.4973235	47.19243
0.5013999	45.22555
0.5054763	43.27575
0.5095527	41.34571
0.5136291	39.43799
0.5177056	37.55513
0.5217820	35.69965
0.5258584	33.87388
0.5299348	32.08012
0.5340112	30.32063
0.5380877	28.59746
0.5421641	26.91257
0.5462405	25.26790
0.5503169	23.66516
0.5543934	22.10593
0.5584698	20.59173
0.5625462	19.12389
0.5666226	17.70359
0.5706991	16.33188
0.5747755	15.00968
0.5788519	13.73771
0.5829284	12.51658
0.5870048	11.34672
0.5910812	10.22844
0.5951576	9.161874
0.5992340	8.147019
0.6033105	7.183700
0.6073869	6.271657
0.6114633	5.410466
0.6155397	4.599523
0.6196162	3.838138
0.6236926	3.125545
0.6277690	2.460823
0.6318454	1.842831
0.6359218	1.270506
0.6399983	0.7426521
0.6440747	0.2579522
0.6481511	-0.1851377
0.6522275	-0.5879416
0.6563039	-0.9519613
0.6603804	-1.278792
0.6644568	-1.570198
0.6685332	-1.827682
0.6726096	-2.052902
0.6766860	-2.247578
0.6807625	-2.413569
0.6848389	-2.552429
0.6889153	-2.665840
0.6929917	-2.755495
0.6970682	-2.823241
0.7011446	-2.870564
0.7052210	-2.899059
0.7092974	-2.910290
0.7133738	-2.905925
0.7174503	-2.887358
0.7215267	-2.855989
0.7256031	-2.813183
0.7296795	-2.760316
0.7337559	-2.698649
0.7378324	-2.629328
0.7419088	-2.553476
0.7459852	-2.472159
0.7500616	-2.386405
0.7541381	-2.297116
0.7582145	-2.205153
0.7622909	-2.111313
0.7663673	-2.016308
0.7704437	-1.920812
0.7745202	-1.825443
0.7785966	-1.730752
0.7826730	-1.637223
0.7867494	-1.545198
0.7908258	-1.455132
0.7949023	-1.367359
0.7989787	-1.282163
0.8030551	-1.199743
0.8071315	-1.120214
0.8112080	-1.043816
0.8152844	-0.9706761
0.8193608	-0.9008778
0.8234372	-0.8344108
0.8275136	-0.7712502
0.8315901	-0.7114792
0.8356665	-0.6550828
0.8397429	-0.6020192
0.8438193	-0.5521647
0.8478957	-0.5054020
0.8519722	-0.4617206
0.8560486	-0.4210284
0.8601250	-0.3832195
0.8642014	-0.3481392
0.8682778	-0.3156113
0.8723543	-0.2855843
0.8764307	-0.2579375
0.8805071	-0.2325460
0.8845835	-0.2092732
0.8886600	-0.1879225
0.8927364	-0.1684314
0.8968128	-0.1506818
0.9008892	-0.1345573
0.9049656	-0.1199427
0.9090421	-0.1066960
0.9131185	-9.4723485E-02
0.9171949	-8.3935380E-02
0.9212713	-7.4236609E-02
0.9253477	-6.5536551E-02
0.9294242	-5.7746880E-02
0.9335006	-5.0781116E-02
0.9375770	-4.4569358E-02
0.9416534	-3.9041109E-02
0.9457299	-3.4130838E-02
0.9498063	-2.9777993E-02
0.9538828	-2.5934055E-02
0.9579592	-2.2545895E-02
0.9620356	-1.9561136E-02
0.9661120	-1.6935593E-02
0.9701884	-1.4629327E-02
0.9742649	-1.2606649E-02
0.9783413	-1.0853759E-02
0.9824177	-9.3286848E-03
0.9864941	-8.0007305E-03
0.9905705	-6.8449718E-03
0.9946470	-5.8395304E-03
0.9987234	-4.9655689E-03
1.002800	-4.2274571E-03
1.006876	-3.5930816E-03
1.010953	-3.0467729E-03
1.015029	-2.5757279E-03
1.019105	-2.1690351E-03
1.023182	-1.8176754E-03
1.027258	-1.5297566E-03
1.031335	-1.2865424E-03
1.035411	-1.0793369E-03
1.039488	-9.0209406E-04
1.043564	-7.4980129E-04
1.047640	-6.1847910E-04
1.051717	-5.1303656E-04
1.055793	-4.2742857E-04
1.059870	-3.5533257E-04
1.063946	-2.9410585E-04
1.068022	-2.4160357E-04
1.072099	-1.9617866E-04
1.076175	-1.5885063E-04
1.080252	-1.3131641E-04
1.084328	-1.0846762E-04
1.088405	-8.9232424E-05
1.092481	-7.2750190E-05
1.096557	-5.8371534E-05
1.100634	-4.5658275E-05
1.104710	-3.7072830E-05
1.108787	-3.0529958E-05
1.112863	-2.5105539E-05
1.116940	-2.0476386E-05
1.121016	-1.6397948E-05
1.125092	-1.2704309E-05
1.129169	-9.5174137E-06
1.133245	-7.8330395E-06
1.137322	-6.4795304E-06
1.141398	-5.3445483E-06
1.145475	-4.3412442E-06
1.149551	-3.4082584E-06
1.153627	-2.5097215E-06
1.157704	-1.7942680E-06
1.161780	-1.4864901E-06
1.165857	-1.2373816E-06
1.169933	-1.0193520E-06
1.174010	-8.1211954E-07
1.178086	-6.0271174E-07
