0.	222.493942
0.00412925566	222.85379
0.00825851131	223.213638
0.0123877665	223.687912
0.0165170226	224.256561
0.0206462778	224.907547
0.024775533	225.632446
0.0289047901	226.424759
0.0330340452	227.279144
0.0371633023	228.191101
0.0412925556	229.156586
0.0454218127	230.171967
0.049551066	231.233826
0.0536803231	232.338943
0.0578095801	233.484177
0.0619388334	234.666489
0.0660680905	235.882843
0.0701973438	237.130249
0.0743266046	238.40564
0.0784558579	239.705933
0.0825851113	241.02803
0.0867143646	242.368713
0.0908436254	243.724701
0.0949728787	245.092636
0.099102132	246.469055
0.103231393	247.850372
0.107360646	249.232941
0.111489899	250.612946
0.11561916	251.986496
0.119748414	253.349548
0.123877667	254.697937
0.12800692	256.027405
0.132136181	257.333527
0.136265442	258.611755
0.140394688	259.857483
0.144523948	261.065887
0.148653209	262.232056
0.152782455	263.351044
0.156911716	264.417664
0.161040977	265.426758
0.165170223	266.372955
0.169299483	267.250854
0.173428744	268.054993
0.17755799	268.779785
0.181687251	269.419678
0.185816497	269.968994
0.189945757	270.422089
0.194075018	270.773224
0.198204264	271.016785
0.202333525	271.147095
0.206462786	271.158508
0.210592031	271.045563
0.214721292	270.802704
0.218850553	270.424683
0.222979799	269.90625
0.22710906	269.24234
0.23123832	268.428131
0.235367566	267.458954
0.239496827	266.330414
0.243626088	265.038391
0.247755334	263.579071
0.25188458	261.948944
0.25601384	260.144897
0.260143101	258.164185
0.264272362	256.004486
0.268401623	253.663971
0.272530884	251.141251
0.276660115	248.435455
0.280789375	245.546234
0.284918636	242.473831
0.289047897	239.21904
0.293177158	235.783279
0.297306418	232.168579
0.301435649	228.377625
0.30556491	224.413712
0.309694171	220.280823
0.313823432	215.983627
0.317952693	211.527435
0.322081953	206.918213
0.326211184	202.162613
0.330340445	197.267944
0.334469706	192.242142
0.338598967	187.093735
0.342728227	181.831879
0.346857458	176.466309
0.350986719	171.007263
0.35511598	165.465469
0.359245241	159.852173
0.363374501	154.17894
0.367503762	148.457825
0.371632993	142.701019
0.375762254	136.921143
0.379891515	131.130844
0.384020776	125.343033
0.388150036	119.57058
0.392279297	113.82637
0.396408528	108.123314
0.400537789	102.47393
0.40466705	96.8908615
0.40879631	91.3861008
0.412925571	85.971611
0.417054832	80.6587524
0.421184063	75.4583588
0.425313324	70.3809128
0.429442585	65.4359894
0.433571845	60.6327858
0.437701106	55.9796333
0.441830367	51.4840622
0.445959598	47.1530151
0.450088859	42.9923439
0.454218119	39.0071945
0.45834738	35.2018394
0.462476641	31.5795822
0.466605902	28.1428833
0.470735133	24.8933163
0.474864393	21.8315697
0.478993654	18.9573574
0.483122915	16.2697411
0.487252176	13.7668667
0.491381407	11.4459257
0.495510668	9.30374146
0.499639928	7.33619785
0.503769159	5.53836012
0.50789845	3.90520477
0.512027681	2.43082762
0.516156971	1.10863817
0.520286202	-0.0677207708
0.524415493	-1.10535824
0.528544724	-2.01200199
0.532673955	-2.79477811
0.536803246	-3.46136904
0.540932477	-4.02010775
0.545061767	-4.47833872
0.549190998	-4.84379435
0.553320229	-5.12466764
0.55744952	-5.32825279
0.561578751	-5.46182108
0.565708041	-5.53280973
0.569837272	-5.54818439
0.573966563	-5.51436996
0.578095794	-5.4377346
0.582225025	-5.32449818
0.586354315	-5.18007326
0.590483546	-5.00969887
0.594612837	-4.81834888
0.598742068	-4.61049032
0.602871299	-4.39020014
0.607000589	-4.1611867
0.61112982	-3.92675424
0.615259111	-3.68994689
0.619388342	-3.45340562
0.623517573	-3.21927786
0.627646863	-2.98952866
0.631776094	-2.76594257
0.635905385	-2.54991055
0.640034616	-2.34222007
0.644163907	-2.14394784
0.648293138	-1.95583248
0.652422369	-1.77831185
0.656551659	-1.61125386
0.66068089	-1.45512021
0.664810181	-1.30993021
0.668939412	-1.17549062
0.673068643	-1.05123591
0.677197933	-0.937152684
0.681327164	-0.8328861
0.685456455	-0.737948716
0.689585686	-0.651590943
0.693714976	-0.5735569
0.697844207	-0.503347337
0.701973438	-0.44042021
0.706102729	-0.384019166
0.71023196	-0.333805144
0.71436125	-0.289282352
0.718490481	-0.249959871
0.722619712	-0.215251282
0.726749003	-0.184771881
0.730878234	-0.15812026
0.735007524	-0.134902403
0.739136755	-0.114729688
0.743265986	-0.097256951
0.747395277	-0.0821829513
0.751524508	-0.0692212656
0.755653799	-0.0581160262
0.75978303	-0.0486532561
0.76391232	-0.0405987911
0.768041551	-0.033760041
0.772170782	-0.0279677045
0.776300073	-0.0231092572
0.780429304	-0.0190467611
0.784558594	-0.0156419054
0.788687825	-0.0127906026
0.792817056	-0.0104059894
0.796946347	-0.0084731793
0.801075578	-0.0068767732
0.805204868	-0.00555630494
0.809334099	-0.00446184212
0.81346333	-0.00356562389
0.817592621	-0.00286146253
0.821721852	-0.00228815759
0.825851142	-0.00181850314
0.829980373	-0.00143106747
0.834109664	-0.00112234952
0.838238895	-0.00088909344
0.842368126	-0.000701569661
0.846497416	-0.000548676122
0.850626647	-0.000422099023
0.854755938	-0.000323697401
0.858885169	-0.000253849983
0.8630144	-0.000198346577
0.867143691	-0.000153044617
0.871272922	-0.000114986724
0.875402212	-8.51770747E-05
0.879531443	-6.64333274E-05
0.883660734	-5.17409171E-05
0.887789965	-3.967667E-05
0.891919196	-2.92590721E-05
0.896048486	-2.02942792E-05
0.900177717	-1.58403946E-05
0.904307008	-1.24308863E-05
0.908436239	-9.61368914E-06
0.91256547	-7.07996287E-06
0.91669476	-4.66409938E-06
0.920823991	-3.37274491E-06
0.924953282	-2.66423467E-06
0.929082513	-2.07209541E-06
0.933211744	-1.50850872E-06
0.937341034	-9.26821087E-07
0.941470265	-4.36793727E-07
0.945599556	-3.33030897E-07
