0.0000000E+00	-80.29359
4.0764217E-03	-80.36243
8.1528435E-03	-80.50249
1.2229266E-02	-80.69193
1.6305687E-02	-80.92538
2.0382110E-02	-81.19994
2.4458531E-02	-81.51358
2.8534953E-02	-81.86470
3.2611374E-02	-82.25186
3.6687799E-02	-82.67371
4.0764220E-02	-83.12892
4.4840641E-02	-83.61613
4.8917063E-02	-84.13393
5.2993484E-02	-84.68089
5.7069905E-02	-85.25549
6.1146330E-02	-85.85616
6.5222748E-02	-86.48128
6.9299169E-02	-87.12910
7.3375598E-02	-87.79786
7.7452019E-02	-88.48568
8.1528440E-02	-89.19061
8.5604861E-02	-89.91062
8.9681283E-02	-90.64360
9.3757704E-02	-91.38734
9.7834125E-02	-92.13956
0.1019105	-92.89785
0.1059870	-93.65976
0.1100634	-94.42271
0.1141398	-95.18404
0.1182162	-95.94100
0.1222927	-96.69074
0.1263691	-97.43033
0.1304455	-98.15672
0.1345219	-98.86681
0.1385983	-99.55737
0.1426748	-100.2252
0.1467512	-100.8668
0.1508276	-101.4788
0.1549040	-102.0577
0.1589805	-102.5999
0.1630569	-103.1018
0.1671333	-103.5599
0.1712097	-103.9702
0.1752861	-104.3293
0.1793626	-104.6333
0.1834390	-104.8785
0.1875154	-105.0612
0.1915918	-105.1777
0.1956683	-105.2246
0.1997447	-105.1981
0.2038211	-105.0947
0.2078975	-104.9113
0.2119739	-104.6444
0.2160504	-104.2911
0.2201268	-103.8483
0.2242032	-103.3133
0.2282796	-102.6836
0.2323560	-101.9569
0.2364325	-101.1310
0.2405089	-100.2043
0.2445853	-99.17530
0.2486617	-98.04279
0.2527381	-96.80600
0.2568146	-95.46449
0.2608910	-94.01823
0.2649674	-92.46758
0.2690438	-90.81332
0.2731203	-89.05672
0.2771967	-87.19944
0.2812731	-85.24368
0.2853495	-83.19206
0.2894260	-81.04773
0.2935024	-78.81430
0.2975788	-76.49590
0.3016552	-74.09710
0.3057317	-71.62301
0.3098081	-69.07915
0.3138845	-66.47153
0.3179609	-63.80657
0.3220373	-61.09112
0.3261138	-58.33234
0.3301902	-55.53782
0.3342666	-52.71548
0.3383430	-49.87363
0.3424194	-47.02041
0.3464959	-44.16421
0.3505723	-41.31358
0.3546487	-38.47728
0.3587251	-35.66385
0.3628016	-32.88198
0.3668780	-30.14002
0.3709544	-27.44632
0.3750308	-24.80881
0.3791072	-22.23523
0.3831837	-19.73289
0.3872601	-17.30863
0.3913365	-14.96894
0.3954129	-12.71958
0.3994893	-10.56597
0.4035658	-8.512679
0.4076422	-6.563787
0.4117186	-4.722649
0.4157950	-2.991900
0.4198714	-1.373538
0.4239479	0.1311990
0.4280243	1.521774
0.4321007	2.798306
0.4361771	3.961588
0.4402536	5.013167
0.4443300	5.955000
0.4484064	6.789802
0.4524828	7.520788
0.4565592	8.151479
0.4606357	8.686167
0.4647121	9.129210
0.4687885	9.485283
0.4728649	9.759767
0.4769414	9.957619
0.4810178	10.08423
0.4850942	10.14535
0.4891706	10.14622
0.4932471	10.09235
0.4973235	9.989380
0.5013999	9.842372
0.5054763	9.656512
0.5095527	9.436942
0.5136291	9.188205
0.5177056	8.914811
0.5217820	8.621130
0.5258584	8.310983
0.5299348	7.988021
0.5340112	7.655671
0.5380877	7.316955
0.5421641	6.974641
0.5462405	6.631158
0.5503169	6.288743
0.5543934	5.949343
0.5584698	5.614544
0.5625462	5.285774
0.5666226	4.964324
0.5706991	4.651166
0.5747755	4.346955
0.5788519	4.052504
0.5829284	3.768326
0.5870048	3.494607
0.5910812	3.231662
0.5951576	2.979713
0.5992340	2.738785
0.6033105	2.508709
0.6073869	2.289562
0.6114633	2.081234
0.6155397	1.883467
0.6196162	1.696057
0.6236926	1.518853
0.6277690	1.351622
0.6318454	1.194020
0.6359218	1.045834
0.6399983	0.9068139
0.6440747	0.7766831
0.6481511	0.6551208
0.6522275	0.5418829
0.6563039	0.4366928
0.6603804	0.3392704
0.6644568	0.2493267
0.6685332	0.1665920
0.6726096	9.0788856E-02
0.6766860	2.1639548E-02
0.6807625	-4.1134194E-02
0.6848389	-9.7808711E-02
0.6889153	-0.1486609
0.6929917	-0.1939678
0.6970682	-0.2340103
0.7011446	-0.2690592
0.7052210	-0.2993882
0.7092974	-0.3252698
0.7133738	-0.3469878
0.7174503	-0.3648013
0.7215267	-0.3789715
0.7256031	-0.3897580
0.7296795	-0.3974290
0.7337559	-0.4022357
0.7378324	-0.4044118
0.7419088	-0.4041932
0.7459852	-0.4018128
0.7500616	-0.3975095
0.7541381	-0.3914801
0.7582145	-0.3839268
0.7622909	-0.3750435
0.7663673	-0.3650237
0.7704437	-0.3540406
0.7745202	-0.3422525
0.7785966	-0.3298123
0.7826730	-0.3168624
0.7867494	-0.3035370
0.7908258	-0.2899567
0.7949023	-0.2762328
0.7989787	-0.2624666
0.8030551	-0.2487462
0.8071315	-0.2351466
0.8112080	-0.2217484
0.8152844	-0.2086160
0.8193608	-0.1958050
0.8234372	-0.1833532
0.8275136	-0.1712931
0.8315901	-0.1596700
0.8356665	-0.1485114
0.8397429	-0.1378374
0.8438193	-0.1276502
0.8478957	-0.1179513
0.8519722	-0.1087604
0.8560486	-0.1000797
0.8601250	-9.1906339E-02
0.8642014	-8.4224567E-02
0.8682778	-7.7012010E-02
0.8723543	-7.0274137E-02
0.8764307	-6.3998617E-02
0.8805071	-5.8170546E-02
0.8845835	-5.2770466E-02
0.8886600	-4.7760379E-02
0.8927364	-4.3139361E-02
0.8968128	-3.8889274E-02
0.9008892	-3.4991119E-02
0.9049656	-3.1425018E-02
0.9090421	-2.8159441E-02
0.9131185	-2.5179729E-02
0.9171949	-2.2471072E-02
0.9212713	-2.0015318E-02
0.9253477	-1.7794523E-02
0.9294242	-1.5789177E-02
0.9335006	-1.3977777E-02
0.9375770	-1.2349462E-02
0.9416534	-1.0889302E-02
0.9457299	-9.5830681E-03
0.9498063	-8.4172348E-03
0.9538828	-7.3781111E-03
0.9579592	-6.4538815E-03
0.9620356	-5.6339479E-03
0.9661120	-4.9080206E-03
0.9701884	-4.2665992E-03
0.9742649	-3.7009732E-03
0.9783413	-3.2051897E-03
0.9824177	-2.7704695E-03
0.9864941	-2.3896063E-03
0.9905705	-2.0563549E-03
0.9946470	-1.7651240E-03
0.9987234	-1.5109793E-03
1.002800	-1.2932314E-03
1.006876	-1.1048076E-03
1.010953	-9.4167655E-04
1.015029	-8.0043112E-04
1.019105	-6.7811424E-04
1.023182	-5.7221920E-04
1.027258	-4.8396504E-04
1.031335	-4.0884313E-04
1.035411	-3.4454689E-04
1.039488	-2.8938311E-04
1.043564	-2.4192415E-04
1.047640	-2.0100812E-04
1.051717	-1.6763411E-04
1.055793	-1.4017454E-04
1.059870	-1.1695133E-04
1.063946	-9.7190605E-05
1.068022	-8.0255013E-05
1.072099	-6.5643675E-05
1.076175	-5.3561638E-05
1.080252	-4.4397602E-05
1.084328	-3.6759258E-05
1.088405	-3.0319916E-05
1.092481	-2.4814131E-05
1.096557	-2.0037704E-05
1.100634	-1.5847678E-05
1.104710	-1.2918319E-05
1.108787	-1.0647434E-05
1.112863	-8.7610915E-06
1.116940	-7.1561512E-06
1.121016	-5.7534489E-06
1.125092	-4.4977992E-06
1.129169	-3.4205023E-06
1.133245	-2.8144352E-06
1.137322	-2.3253517E-06
