0.0000000E+00	59.32844
4.0764217E-03	59.28971
8.1528435E-03	59.23573
1.2229266E-02	59.15248
1.6305687E-02	59.04266
2.0382110E-02	58.90710
2.4458531E-02	58.74553
2.8534953E-02	58.55826
3.2611374E-02	58.34481
3.6687799E-02	58.10633
4.0764220E-02	57.84229
4.4840641E-02	57.55290
4.8917063E-02	57.23867
5.2993484E-02	56.89936
5.7069905E-02	56.53555
6.1146330E-02	56.14743
6.5222748E-02	55.73523
6.9299169E-02	55.29909
7.3375598E-02	54.83930
7.7452019E-02	54.35624
8.1528440E-02	53.85033
8.5604861E-02	53.32177
8.9681283E-02	52.77082
9.3757704E-02	52.19798
9.7834125E-02	51.60367
0.1019105	50.98810
0.1059870	50.35189
0.1100634	49.69528
0.1141398	49.01883
0.1182162	48.32296
0.1222927	47.60812
0.1263691	46.87495
0.1304455	46.12375
0.1345219	45.35522
0.1385983	44.56990
0.1426748	43.76828
0.1467512	42.95100
0.1508276	42.11867
0.1549040	41.27190
0.1589805	40.41136
0.1630569	39.53770
0.1671333	38.65160
0.1712097	37.75373
0.1752861	36.84486
0.1793626	35.92570
0.1834390	34.99698
0.1875154	34.05946
0.1915918	33.11395
0.1956683	32.16124
0.1997447	31.20211
0.2038211	30.23739
0.2078975	29.26790
0.2119739	28.29449
0.2160504	27.31799
0.2201268	26.33928
0.2242032	25.35924
0.2282796	24.37870
0.2323560	23.39857
0.2364325	22.41970
0.2405089	21.44300
0.2445853	20.46933
0.2486617	19.49958
0.2527381	18.53465
0.2568146	17.57541
0.2608910	16.62270
0.2649674	15.67741
0.2690438	14.74040
0.2731203	13.81255
0.2771967	12.89464
0.2812731	11.98753
0.2853495	11.09200
0.2894260	10.20890
0.2935024	9.338957
0.2975788	8.482948
0.3016552	7.641623
0.3057317	6.815685
0.3098081	6.005844
0.3138845	5.212751
0.3179609	4.437077
0.3220373	3.679428
0.3261138	2.940398
0.3301902	2.220559
0.3342666	1.520376
0.3383430	0.8402704
0.3424194	0.1807967
0.3464959	-0.4575296
0.3505723	-1.074301
0.3546487	-1.669142
0.3587251	-2.241694
0.3628016	-2.791687
0.3668780	-3.318800
0.3709544	-3.822804
0.3750308	-4.303490
0.3791072	-4.760694
0.3831837	-5.194269
0.3872601	-5.604108
0.3913365	-5.990165
0.3954129	-6.352392
0.3994893	-6.690799
0.4035658	-7.005440
0.4076422	-7.296386
0.4117186	-7.563753
0.4157950	-7.807712
0.4198714	-8.028440
0.4239479	-8.226176
0.4280243	-8.401185
0.4321007	-8.553770
0.4361771	-8.684274
0.4402536	-8.793078
0.4443300	-8.880582
0.4484064	-8.947244
0.4524828	-8.993554
0.4565592	-9.020015
0.4606357	-9.027191
0.4647121	-9.015653
0.4687885	-8.986013
0.4728649	-8.938921
0.4769414	-8.875038
0.4810178	-8.795053
0.4850942	-8.699688
0.4891706	-8.589687
0.4932471	-8.465794
0.4973235	-8.328803
0.5013999	-8.179495
0.5054763	-8.018674
0.5095527	-7.847171
0.5136291	-7.665792
0.5177056	-7.475376
0.5217820	-7.276756
0.5258584	-7.070765
0.5299348	-6.858224
0.5340112	-6.639970
0.5380877	-6.416821
0.5421641	-6.189574
0.5462405	-5.959042
0.5503169	-5.725996
0.5543934	-5.491192
0.5584698	-5.255394
0.5625462	-5.019319
0.5666226	-4.783643
0.5706991	-4.549052
0.5747755	-4.316207
0.5788519	-4.085695
0.5829284	-3.858098
0.5870048	-3.633986
0.5910812	-3.413863
0.5951576	-3.198212
0.5992340	-2.987469
0.6033105	-2.782061
0.6073869	-2.582346
0.6114633	-2.388653
0.6155397	-2.201294
0.6196162	-2.020517
0.6236926	-1.846554
0.6277690	-1.679586
0.6318454	-1.519756
0.6359218	-1.367178
0.6399983	-1.221940
0.6440747	-1.084090
0.6481511	-0.9536246
0.6522275	-0.8305398
0.6563039	-0.7147928
0.6603804	-0.6063127
0.6644568	-0.5049663
0.6685332	-0.4106694
0.6726096	-0.3232674
0.6766860	-0.2425899
0.6807625	-0.1684192
0.6848389	-0.1005863
0.6889153	-3.8879205E-02
0.6929917	1.6930668E-02
0.6970682	6.7137696E-02
0.7011446	0.1119496
0.7052210	0.1516172
0.7092974	0.1864076
0.7133738	0.2166273
0.7174503	0.2425188
0.7215267	0.2643411
0.7256031	0.2823614
0.7296795	0.2968757
0.7337559	0.3081453
0.7378324	0.3164071
0.7419088	0.3219132
0.7459852	0.3249135
0.7500616	0.3256742
0.7541381	0.3243936
0.7582145	0.3212977
0.7622909	0.3165866
0.7663673	0.3104766
0.7704437	0.3031585
0.7745202	0.2948008
0.7785966	0.2855620
0.7826730	0.2756080
0.7867494	0.2650877
0.7908258	0.2541267
0.7949023	0.2428457
0.7989787	0.2313606
0.8030551	0.2197693
0.8071315	0.2081600
0.8112080	0.1966168
0.8152844	0.1852108
0.8193608	0.1740149
0.8234372	0.1630609
0.8275136	0.1524040
0.8315901	0.1420835
0.8356665	0.1321428
0.8397429	0.1225990
0.8438193	0.1134691
0.8478957	0.1047465
0.8519722	9.6471444E-02
0.8560486	8.8642217E-02
0.8601250	8.1262968E-02
0.8642014	7.4317105E-02
0.8682778	6.7788646E-02
0.8723543	6.1690111E-02
0.8764307	5.6004476E-02
0.8805071	5.0730009E-02
0.8845835	4.5843188E-02
0.8886600	4.1309819E-02
0.8927364	3.7135210E-02
0.8968128	3.3296496E-02
0.9008892	2.9784709E-02
0.9049656	2.6576057E-02
0.9090421	2.3644343E-02
0.9131185	2.0975284E-02
0.9171949	1.8551238E-02
0.9212713	1.6361618E-02
0.9253477	1.4389633E-02
0.9294242	1.2617871E-02
0.9335006	1.1023777E-02
0.9375770	9.5945606E-03
0.9416534	8.3188657E-03
0.9457299	7.1884524E-03
0.9498063	6.1833276E-03
0.9538828	5.2913935E-03
0.9579592	4.5064404E-03
0.9620356	3.8216379E-03
0.9661120	3.2148401E-03
0.9701884	2.6863962E-03
0.9742649	2.2289772E-03
0.9783413	1.8268178E-03
0.9824177	1.4861723E-03
0.9864941	1.1880716E-03
0.9905705	9.3414768E-04
0.9946470	7.1888848E-04
0.9987234	5.3431303E-04
1.002800	3.7926718E-04
1.006876	2.5022976E-04
1.010953	1.4526433E-04
1.015029	5.6413402E-05
1.019105	-1.5298076E-05
1.023182	-8.0944927E-05
1.027258	-1.2518602E-04
1.031335	-1.6226814E-04
1.035411	-1.8533871E-04
1.039488	-2.1178032E-04
1.043564	-2.2179433E-04
1.047640	-2.3598081E-04
1.051717	-2.3916751E-04
1.055793	-2.4125287E-04
1.059870	-2.3818595E-04
1.063946	-2.3930031E-04
1.068022	-2.3401067E-04
1.072099	-2.2971985E-04
1.076175	-2.1937987E-04
1.080252	-2.1223191E-04
1.084328	-2.0237626E-04
1.088405	-1.9614377E-04
1.092481	-1.8215386E-04
1.096557	-1.8002022E-04
1.100634	-1.6578603E-04
1.104710	-1.6091186E-04
1.108787	-1.5119622E-04
1.112863	-1.4530619E-04
1.116940	-1.3267683E-04
1.121016	-1.2843002E-04
1.125092	-1.1717902E-04
1.129169	-1.1280351E-04
1.133245	-1.0281599E-04
1.137322	-1.0062275E-04
1.141398	-9.2959977E-05
1.145475	-8.4779800E-05
1.149551	-8.1212376E-05
1.153627	-7.2444745E-05
1.157704	-7.3069612E-05
1.161780	-6.7719826E-05
1.165857	-6.3921085E-05
1.169933	-5.6620414E-05
1.174010	-5.6775705E-05
1.178086	-4.8750688E-05
1.182162	-4.5920377E-05
1.186239	-4.0119019E-05
1.190315	-3.9990442E-05
1.194392	-3.5602676E-05
1.198468	-3.3109256E-05
1.202544	-3.0558618E-05
1.206621	-2.9950625E-05
1.210697	-2.4896899E-05
1.214774	-2.3045935E-05
1.218850	-2.1697177E-05
1.222927	-2.0557258E-05
1.227003	-1.6804179E-05
1.231079	-1.7470578E-05
1.235156	-1.1988816E-05
1.239232	-1.4726265E-05
1.243309	-9.1183329E-06
1.247385	-9.5801925E-06
1.251462	-7.0633232E-06
1.255538	-7.7413270E-06
1.259614	-4.5415200E-06
1.263691	-3.3671965E-06
1.267767	-8.6276322E-07
