0.	0.0428752899
0.00412925566	-9.17075825
0.00825851131	-18.3843918
0.0123877665	-27.6620331
0.0165170226	-37.0212822
0.0206462778	-46.4779396
0.024775533	-56.0463028
0.0289047901	-65.739151
0.0330340452	-75.5676193
0.0371633023	-85.5410614
0.0412925556	-95.6668549
0.0454218127	-105.950272
0.049551066	-116.394257
0.0536803231	-126.999306
0.0578095801	-137.763275
0.0619388334	-148.681244
0.0660680905	-159.745346
0.0701973438	-170.944641
0.0743266046	-182.265045
0.0784558579	-193.689087
0.0825851113	-205.195969
0.0867143646	-216.761383
0.0908436254	-228.357544
0.0949728787	-239.953064
0.099102132	-251.513092
0.103231393	-262.999298
0.107360646	-274.369873
0.111489899	-285.579834
0.11561916	-296.581085
0.119748414	-307.322632
0.123877667	-317.750854
0.12800692	-327.809937
0.132136181	-337.442047
0.136265442	-346.588013
0.140394688	-355.187592
0.144523948	-363.180084
0.148653209	-370.504944
0.152782455	-377.102386
0.156911716	-382.914062
0.161040977	-387.883759
0.165170223	-391.958099
0.169299483	-395.08725
0.173428744	-397.22583
0.17755799	-398.333466
0.181687251	-398.375641
0.185816497	-397.32431
0.189945757	-395.15863
0.194075018	-391.865509
0.198204264	-387.440186
0.202333525	-381.886536
0.206462786	-375.217651
0.210592031	-367.455841
0.214721292	-358.632935
0.218850553	-348.790161
0.222979799	-337.978088
0.22710906	-326.256256
0.23123832	-313.692871
0.235367566	-300.364014
0.239496827	-286.353241
0.243626088	-271.750641
0.247755334	-256.651642
0.25188458	-241.156174
0.25601384	-225.367828
0.260143101	-209.391708
0.264272362	-193.334
0.268401623	-177.300629
0.272530884	-161.395004
0.276660115	-145.717957
0.280789375	-130.365692
0.284918636	-115.428551
0.289047897	-100.990822
0.293177158	-87.1282654
0.297306418	-73.9087677
0.301435649	-61.3906631
0.30556491	-49.6226273
0.309694171	-38.6433105
0.313823432	-28.48106
0.317952693	-19.1539345
0.322081953	-10.6702776
0.326211184	-3.02828407
0.330340445	3.78220582
0.334469706	9.78069782
0.338598967	14.9931803
0.342728227	19.4536743
0.346857458	23.2003746
0.350986719	26.277998
0.35511598	28.7327747
0.359245241	30.6160297
0.363374501	31.9778099
0.367503762	32.871994
0.371632993	33.3488235
0.375762254	33.4605103
0.379891515	33.255043
0.384020776	32.7795258
0.388150036	32.0775795
0.392279297	31.1894283
0.396408528	30.1523819
0.400537789	28.9992943
0.40466705	27.759697
0.40879631	26.4596825
0.412925571	25.1215668
0.417054832	23.7645969
0.421184063	22.4047413
0.425313324	21.0542889
0.429442585	19.7246361
0.433571845	18.4233723
0.437701106	17.1571026
0.441830367	15.9309702
0.445959598	14.7473135
0.450088859	13.6093893
0.454218119	12.5182667
0.45834738	11.4744139
0.462476641	10.478651
0.466605902	9.53036213
0.470735133	8.62938118
0.474864393	7.7753911
0.478993654	6.96738672
0.483122915	6.20493364
0.487252176	5.48730898
0.491381407	4.81365538
0.495510668	4.18324327
0.499639928	3.59525824
0.503769159	3.04886079
0.50789845	2.54310012
0.512027681	2.0770092
0.516156971	1.64958167
0.520286202	1.25963867
0.524415493	0.905960739
0.528544724	0.587257147
0.532673955	0.302125335
0.536803246	0.049084764
0.540932477	-0.173474759
0.545061767	-0.367120266
0.549190998	-0.533520818
0.553320229	-0.674508691
0.55744952	-0.791765511
0.561578751	-0.887024283
0.565708041	-0.962139785
0.569837272	-1.01887691
0.573966563	-1.05888736
0.578095794	-1.08388186
0.582225025	-1.09560847
0.586354315	-1.09554017
0.590483546	-1.08517504
0.594612837	-1.0660218
0.598742068	-1.03940117
0.602871299	-1.00654113
0.607000589	-0.968614817
0.61112982	-0.926726699
0.615259111	-0.881830931
0.619388342	-0.834812045
0.623517573	-0.786448896
0.627646863	-0.737445772
0.631776094	-0.688432455
0.635905385	-0.639943182
0.640034616	-0.592363715
0.644163907	-0.546117365
0.648293138	-0.501533985
0.652422369	-0.458857477
0.656551659	-0.418174237
0.66068089	-0.379710823
0.664810181	-0.343569189
0.668939412	-0.309783816
0.673068643	-0.278276175
0.677197933	-0.249117732
0.681327164	-0.222275689
0.685456455	-0.197671503
0.689585686	-0.175140992
0.693714976	-0.154666319
0.697844207	-0.136149794
0.701973438	-0.119475186
0.706102729	-0.104450971
0.71023196	-0.0910191461
0.71436125	-0.0790654942
0.718490481	-0.0684729666
0.722619712	-0.059084475
0.726749003	-0.0508131199
0.730878234	-0.0435611755
0.735007524	-0.0372290313
0.739136755	-0.0317113996
0.743265986	-0.0269182567
0.747395277	-0.0227751657
0.751524508	-0.0192071702
0.755653799	-0.0161456373
0.75978303	-0.0135290194
0.76391232	-0.011298704
0.768041551	-0.00940313935
0.772170782	-0.00779661722
0.776300073	-0.00644657994
0.780429304	-0.00531567726
0.784558594	-0.00436723325
0.788687825	-0.0035728002
0.792817056	-0.00290845823
0.796946347	-0.00236855424
0.801075578	-0.00192242349
0.805204868	-0.00155339134
0.809334099	-0.00124763302
0.81346333	-0.000997258001
0.817592621	-0.00080015097
0.821721852	-0.000639677339
0.825851142	-0.00050826947
0.829980373	-0.00039994868
0.834109664	-0.000313638011
0.838238895	-0.000248342461
0.842368126	-0.000195867673
0.846497416	-0.000153110857
0.850626647	-0.000117744319
0.854755938	-9.02596075E-05
0.858885169	-7.07417494E-05
0.8630144	-5.52407146E-05
0.867143691	-4.25965445E-05
0.871272922	-3.19806277E-05
0.875402212	-2.36707983E-05
0.879531443	-1.84516375E-05
0.883660734	-1.43632524E-05
0.887789965	-1.1007206E-05
0.891919196	-8.10882921E-06
0.896048486	-5.61437128E-06
0.900177717	-4.38289408E-06
0.904307008	-3.44128921E-06
0.908436239	-2.66258439E-06
0.91256547	-1.95978305E-06
0.91669476	-1.28586464E-06
0.920823991	-9.15285455E-07
0.924953282	-6.99737598E-07
0.929082513	-5.12276642E-07
0.933211744	-3.30336746E-07
0.937341034	-1.43406979E-07
0.941470265	1.01797086E-08
0.945599556	3.41716735E-08
