0.	-142.889481
0.00412925566	-143.075592
0.00825851131	-143.453186
0.0123877665	-143.970032
0.0165170226	-144.612946
0.0206462778	-145.374374
0.024775533	-146.24855
0.0289047901	-147.230316
0.0330340452	-148.314621
0.0371633023	-149.49617
0.0412925556	-150.76944
0.0454218127	-152.128494
0.049551066	-153.567001
0.0536803231	-155.078171
0.0578095801	-156.654755
0.0619388334	-158.289001
0.0660680905	-159.972702
0.0701973438	-161.697067
0.0743266046	-163.45285
0.0784558579	-165.230209
0.0825851113	-167.018814
0.0867143646	-168.80777
0.0908436254	-170.585632
0.0949728787	-172.340469
0.099102132	-174.059784
0.103231393	-175.730576
0.107360646	-177.339386
0.111489899	-178.872299
0.11561916	-180.314987
0.119748414	-181.652771
0.123877667	-182.870636
0.12800692	-183.953354
0.132136181	-184.885513
0.136265442	-185.651627
0.140394688	-186.236206
0.144523948	-186.623886
0.148653209	-186.79953
0.152782455	-186.748352
0.156911716	-186.456024
0.161040977	-185.908905
0.165170223	-185.09407
0.169299483	-183.999542
0.173428744	-182.614456
0.17755799	-180.929184
0.181687251	-178.935532
0.185816497	-176.626907
0.189945757	-173.998459
0.194075018	-171.047287
0.198204264	-167.772552
0.202333525	-164.175629
0.206462786	-160.260239
0.210592031	-156.032593
0.214721292	-151.501404
0.218850553	-146.678024
0.222979799	-141.576447
0.22710906	-136.213333
0.23123832	-130.607956
0.235367566	-124.782112
0.239496827	-118.760071
0.243626088	-112.568398
0.247755334	-106.235687
0.25188458	-99.7924271
0.25601384	-93.2707291
0.260143101	-86.7038193
0.264272362	-80.1258774
0.268401623	-73.5716858
0.272530884	-67.0758972
0.276660115	-60.6729965
0.280789375	-54.3966446
0.284918636	-48.2791367
0.289047897	-42.3513832
0.293177158	-36.6418571
0.297306418	-31.1768398
0.301435649	-25.97966
0.30556491	-21.0705242
0.309694171	-16.4663734
0.313823432	-12.1804409
0.317952693	-8.2224474
0.322081953	-4.59830046
0.326211184	-1.31023788
0.330340445	1.64300144
0.334469706	4.26628494
0.338598967	6.56739664
0.342728227	8.55741024
0.346857458	10.2494946
0.350986719	11.6596556
0.35511598	12.8049555
0.359245241	13.7048216
0.363374501	14.3785629
0.367503762	14.8474131
0.371632993	15.1314211
0.375762254	15.2518311
0.379891515	15.2283411
0.384020776	15.0806313
0.388150036	14.8270893
0.392279297	14.48489
0.396408528	14.0701866
0.400537789	13.5972681
0.40466705	13.0792761
0.40879631	12.527792
0.412925571	11.9529734
0.417054832	11.3636312
0.421184063	10.7671585
0.425313324	10.1694307
0.429442585	9.57584095
0.433571845	8.99018192
0.437701106	8.41576672
0.441830367	7.85524225
0.445959598	7.31002235
0.450088859	6.78188372
0.454218119	6.27162313
0.45834738	5.77975798
0.462476641	5.30694818
0.466605902	4.85319471
0.470735133	4.41869974
0.474864393	4.0035944
0.478993654	3.60768437
0.483122915	3.23104525
0.487252176	2.87361479
0.491381407	2.53526807
0.495510668	2.21593571
0.499639928	1.91551006
0.503769159	1.63387167
0.50789845	1.37083077
0.512027681	1.12619281
0.516156971	0.899742365
0.520286202	0.691150367
0.524415493	0.500068367
0.528544724	0.326109231
0.532673955	0.168791264
0.536803246	0.0275888108
0.540932477	-0.0980931818
0.545061767	-0.208870858
0.549190998	-0.305422068
0.553320229	-0.388520747
0.55744952	-0.458894134
0.561578751	-0.517314672
0.565708041	-0.564638019
0.569837272	-0.601692319
0.573966563	-0.629265308
0.578095794	-0.648197889
0.582225025	-0.659374774
0.586354315	-0.663536131
0.590483546	-0.661458611
0.594612837	-0.653954566
0.598742068	-0.641729355
0.602871299	-0.625449598
0.607000589	-0.605773628
0.61112982	-0.58334446
0.615259111	-0.558697939
0.619388342	-0.532353282
0.623517573	-0.504793048
0.627646863	-0.476449937
0.631776094	-0.447706759
0.635905385	-0.418905497
0.640034616	-0.390325904
0.644163907	-0.36223954
0.648293138	-0.334871918
0.652422369	-0.308403641
0.656551659	-0.282938629
0.66068089	-0.258632243
0.664810181	-0.235577211
0.668939412	-0.213827029
0.673068643	-0.193372786
0.677197933	-0.174276948
0.681327164	-0.15654403
0.685456455	-0.140149474
0.689585686	-0.125016883
0.693714976	-0.111150406
0.697844207	-0.0985056609
0.701973438	-0.0870244429
0.706102729	-0.0765987635
0.71023196	-0.0672032759
0.71436125	-0.0587749369
0.718490481	-0.0512468666
0.722619712	-0.044521533
0.726749003	-0.0385501683
0.730878234	-0.0332744271
0.735007524	-0.0286327787
0.739136755	-0.0245559309
0.743265986	-0.0209861249
0.747395277	-0.0178774167
0.751524508	-0.0151808504
0.755653799	-0.0128500788
0.75978303	-0.010840076
0.76391232	-0.00911423378
0.768041551	-0.00763730053
0.772170782	-0.00637747115
0.776300073	-0.00530942716
0.780429304	-0.00440687779
0.784558594	-0.00364483078
0.788687825	-0.00300273346
0.792817056	-0.00246294821
0.796946347	-0.00201851781
0.801075578	-0.0016487058
0.805204868	-0.00134103827
0.809334099	-0.00108500861
0.81346333	-0.000874048972
0.817592621	-0.000705428771
0.821721852	-0.000567279349
0.825851142	-0.000453673885
0.829980373	-0.00035984625
0.834109664	-0.000284489361
0.838238895	-0.000226411459
0.842368126	-0.000179484472
0.846497416	-0.000141171113
0.850626647	-0.00010953025
0.854755938	-8.47307674E-05
0.858885169	-6.66626001E-05
0.8630144	-5.22492628E-05
0.867143691	-4.05027822E-05
0.871272922	-3.07026421E-05
0.875402212	-2.30037404E-05
0.879531443	-1.7966031E-05
0.883660734	-1.40045267E-05
0.887789965	-1.07665237E-05
0.891919196	-8.00399357E-06
0.896048486	-5.65397431E-06
0.900177717	-4.41112752E-06
0.904307008	-3.45622652E-06
0.908436239	-2.67248993E-06
0.91256547	-1.97847294E-06
0.91669476	-1.32806827E-06
0.920823991	-9.53019082E-07
0.924953282	-7.21754645E-07
0.929082513	-5.22006701E-07
0.933211744	-3.32327232E-07
0.937341034	-1.42551428E-07
0.941470265	1.15256018E-08
0.945599556	3.95950082E-08
