0.	149.697189
0.00412925566	149.596176
0.00825851131	149.415085
0.0123877665	149.135437
0.0165170226	148.757935
0.0206462778	148.283905
0.024775533	147.713806
0.0289047901	147.047958
0.0330340452	146.28653
0.0371633023	145.430634
0.0412925556	144.480179
0.0454218127	143.436386
0.049551066	142.299957
0.0536803231	141.071869
0.0578095801	139.753296
0.0619388334	138.345779
0.0660680905	136.850433
0.0701973438	135.26918
0.0743266046	133.603683
0.0784558579	131.855865
0.0825851113	130.02774
0.0867143646	128.121582
0.0908436254	126.13974
0.0949728787	124.084694
0.099102132	121.95903
0.103231393	119.765434
0.107360646	117.506805
0.111489899	115.186104
0.11561916	112.806351
0.119748414	110.370758
0.123877667	107.882591
0.12800692	105.345154
0.132136181	102.761879
0.136265442	100.136307
0.140394688	97.4719925
0.144523948	94.7725677
0.148653209	92.0417404
0.152782455	89.2833099
0.156911716	86.5010147
0.161040977	83.6986618
0.165170223	80.8802032
0.169299483	78.0494537
0.173428744	75.2102966
0.17755799	72.3667297
0.181687251	69.5225677
0.185816497	66.6817627
0.189945757	63.8481712
0.194075018	61.0256767
0.198204264	58.2180901
0.202333525	55.4292145
0.206462786	52.6627426
0.210592031	49.92239
0.214721292	47.2117882
0.218850553	44.5344429
0.222979799	41.8938255
0.22710906	39.2933159
0.23123832	36.7361374
0.235367566	34.2255478
0.239496827	31.7644806
0.243626088	29.3559513
0.247755334	27.002737
0.25188458	24.7075195
0.25601384	22.4728069
0.260143101	20.3009682
0.264272362	18.1942844
0.268401623	16.1547852
0.272530884	14.1844254
0.276660115	12.2849274
0.280789375	10.4578886
0.284918636	8.70471191
0.289047897	7.02662706
0.293177158	5.42470026
0.297306418	3.89980102
0.301435649	2.45263958
0.30556491	1.08367193
0.309694171	-0.206755355
0.313823432	-1.41850579
0.317952693	-2.55166888
0.322081953	-3.60646391
0.326211184	-4.58334494
0.330340445	-5.48296404
0.334469706	-6.30613565
0.338598967	-7.05386305
0.342728227	-7.72735453
0.346857458	-8.32797241
0.350986719	-8.85728931
0.35511598	-9.31703758
0.359245241	-9.709095
0.363374501	-10.035533
0.367503762	-10.298562
0.371632993	-10.5005274
0.375762254	-10.6439571
0.379891515	-10.7314205
0.384020776	-10.7656879
0.388150036	-10.7495975
0.392279297	-10.6860218
0.396408528	-10.5780096
0.400537789	-10.4286966
0.40466705	-10.2413845
0.40879631	-10.0190945
0.412925571	-9.76479435
0.417054832	-9.48159027
0.421184063	-9.17270279
0.425313324	-8.84148026
0.429442585	-8.49090767
0.433571845	-8.1240778
0.437701106	-7.74391603
0.441830367	-7.35333204
0.445959598	-6.95515871
0.450088859	-6.55203152
0.454218119	-6.14656878
0.45834738	-5.741189
0.462476641	-5.33819151
0.466605902	-4.9397254
0.470735133	-4.54776955
0.474864393	-4.16418314
0.478993654	-3.79063153
0.483122915	-3.42859983
0.487252176	-3.07942462
0.491381407	-2.74424267
0.495510668	-2.42404771
0.499639928	-2.11967826
0.503769159	-1.83173561
0.50789845	-1.56076801
0.512027681	-1.30706167
0.516156971	-1.07082272
0.520286202	-0.852103293
0.524415493	-0.650841177
0.528544724	-0.46674943
0.532673955	-0.299586892
0.536803246	-0.148945585
0.540932477	-0.0142152589
0.545061767	0.105108507
0.549190998	0.209681168
0.553320229	0.3003124
0.55744952	0.377702266
0.561578751	0.442636311
0.565708041	0.495988071
0.569837272	0.538635075
0.573966563	0.571360409
0.578095794	0.595049083
0.582225025	0.610604465
0.586354315	0.61879313
0.590483546	0.620411456
0.594612837	0.616303504
0.598742068	0.607197702
0.602871299	0.593782842
0.607000589	0.576726615
0.61112982	0.556704819
0.615259111	0.534257472
0.619388342	0.509930074
0.623517573	0.484225333
0.627646863	0.45757702
0.631776094	0.430386305
0.635905385	0.402996272
0.640034616	0.375721693
0.644163907	0.348821193
0.648293138	0.322547972
0.652422369	0.297080249
0.656551659	0.272526175
0.66068089	0.249059364
0.664810181	0.226763874
0.668939412	0.205722898
0.673068643	0.185909882
0.677197933	0.167406112
0.681327164	0.150219023
0.685456455	0.134316176
0.689585686	0.119646609
0.693714976	0.106193773
0.697844207	0.093937166
0.701973438	0.0828138515
0.706102729	0.072703056
0.71023196	0.0636160597
0.71436125	0.0554605052
0.718490481	0.0481859967
0.722619712	0.0417029485
0.726749003	0.0359461196
0.730878234	0.0308774989
0.735007524	0.0264190026
0.739136755	0.0225068051
0.743265986	0.0190995
0.747395277	0.0161315687
0.751524508	0.0135793118
0.755653799	0.0113686351
0.75978303	0.00947432499
0.76391232	0.00785637461
0.768041551	0.00648489967
0.772170782	0.00531696761
0.776300073	0.00433238968
0.780429304	0.00351180928
0.784558594	0.0028245654
0.788687825	0.0022539678
0.792817056	0.00178100192
0.796946347	0.0013957395
0.801075578	0.00108523283
0.805204868	0.000821499387
0.809334099	0.000617734448
0.81346333	0.000457067799
0.817592621	0.000324000575
0.821721852	0.000227251279
0.825851142	0.000152620836
0.829980373	9.4830466E-05
0.834109664	4.96534994E-05
0.838238895	2.20130732E-05
0.842368126	2.92638629E-06
