0.0000000E+00	8.3117485E-03
4.0764217E-03	-2.643573
8.1528435E-03	-5.295457
1.2229266E-02	-7.959610
1.6305687E-02	-10.63927
2.0382110E-02	-13.33734
2.4458531E-02	-16.05650
2.8534953E-02	-18.79922
3.2611374E-02	-21.56777
3.6687799E-02	-24.36422
4.0764220E-02	-27.19042
4.4840641E-02	-30.04798
4.8917063E-02	-32.93827
5.2993484E-02	-35.86241
5.7069905E-02	-38.82123
6.1146330E-02	-41.81529
6.5222748E-02	-44.84483
6.9299169E-02	-47.90979
7.3375598E-02	-51.00978
7.7452019E-02	-54.14406
8.1528440E-02	-57.31154
8.5604861E-02	-60.51077
8.9681283E-02	-63.73990
9.3757704E-02	-66.99673
9.7834125E-02	-70.27862
0.1019105	-73.58256
0.1059870	-76.90510
0.1100634	-80.24237
0.1141398	-83.59010
0.1182162	-86.94355
0.1222927	-90.29758
0.1263691	-93.64662
0.1304455	-96.98466
0.1345219	-100.3053
0.1385983	-103.6016
0.1426748	-106.8664
0.1467512	-110.0921
0.1508276	-113.2706
0.1549040	-116.3936
0.1589805	-119.4524
0.1630569	-122.4381
0.1671333	-125.3415
0.1712097	-128.1529
0.1752861	-130.8629
0.1793626	-133.4615
0.1834390	-135.9388
0.1875154	-138.2850
0.1915918	-140.4900
0.1956683	-142.5439
0.1997447	-144.4369
0.2038211	-146.1594
0.2078975	-147.7021
0.2119739	-149.0559
0.2160504	-150.2120
0.2201268	-151.1623
0.2242032	-151.8990
0.2282796	-152.4151
0.2323560	-152.7039
0.2364325	-152.7599
0.2405089	-152.5779
0.2445853	-152.1538
0.2486617	-151.4846
0.2527381	-150.5678
0.2568146	-149.4023
0.2608910	-147.9879
0.2649674	-146.3255
0.2690438	-144.4172
0.2731203	-142.2662
0.2771967	-139.8768
0.2812731	-137.2546
0.2853495	-134.4065
0.2894260	-131.3401
0.2935024	-128.0647
0.2975788	-124.5904
0.3016552	-120.9284
0.3057317	-117.0910
0.3098081	-113.0913
0.3138845	-108.9437
0.3179609	-104.6628
0.3220373	-100.2646
0.3261138	-95.76517
0.3301902	-91.18144
0.3342666	-86.53078
0.3383430	-81.83105
0.3424194	-77.09971
0.3464959	-72.35441
0.3505723	-67.61282
0.3546487	-62.89270
0.3587251	-58.21111
0.3628016	-53.58511
0.3668780	-49.03078
0.3709544	-44.56395
0.3750308	-40.19930
0.3791072	-35.95093
0.3831837	-31.83184
0.3872601	-27.85396
0.3913365	-24.02824
0.3954129	-20.36425
0.3994893	-16.87056
0.4035658	-13.55424
0.4076422	-10.42122
0.4117186	-7.476076
0.4157950	-4.722079
0.4198714	-2.161186
0.4239479	0.2058140
0.4280243	2.379524
0.4321007	4.361568
0.4361771	6.154669
0.4402536	7.762921
0.4443300	9.190853
0.4484064	10.44430
0.4524828	11.52985
0.4565592	12.45439
0.4606357	13.22609
0.4647121	13.85302
0.4687885	14.34367
0.4728649	14.70759
0.4769414	14.95346
0.4810178	15.09056
0.4850942	15.12864
0.4891706	15.07649
0.4932471	14.94322
0.4973235	14.73806
0.5013999	14.46919
0.5054763	14.14493
0.5095527	13.77338
0.5136291	13.36170
0.5177056	12.91689
0.5217820	12.44561
0.5258584	11.95373
0.5299348	11.44675
0.5340112	10.92971
0.5380877	10.40711
0.5421641	9.882995
0.5462405	9.360794
0.5503169	8.843719
0.5543934	8.334510
0.5584698	7.835301
0.5625462	7.348005
0.5666226	6.874362
0.5706991	6.415594
0.5747755	5.972426
0.5788519	5.545884
0.5829284	5.136527
0.5870048	4.744406
0.5910812	4.369797
0.5951576	4.012853
0.5992340	3.673427
0.6033105	3.351093
0.6073869	3.045805
0.6114633	2.757248
0.6155397	2.484897
0.6196162	2.228310
0.6236926	1.987134
0.6277690	1.760900
0.6318454	1.548990
0.6359218	1.350979
0.6399983	1.166390
0.6440747	0.9947222
0.6481511	0.8354137
0.6522275	0.6880175
0.6563039	0.5520468
0.6603804	0.4270159
0.6644568	0.3124322
0.6685332	0.2078367
0.6726096	0.1127649
0.6766860	2.6758181E-02
0.6807625	-5.0637349E-02
0.6848389	-0.1198659
0.6889153	-0.1813668
0.6929917	-0.2355733
0.6970682	-0.2829177
0.7011446	-0.3238136
0.7052210	-0.3586717
0.7092974	-0.3878956
0.7133738	-0.4118947
0.7174503	-0.4310455
0.7215267	-0.4457200
0.7256031	-0.4562827
0.7296795	-0.4630997
0.7337559	-0.4665136
0.7378324	-0.4668435
0.7419088	-0.4644040
0.7459852	-0.4594996
0.7500616	-0.4524318
0.7541381	-0.4434606
0.7582145	-0.4328428
0.7622909	-0.4208206
0.7663673	-0.4076251
0.7704437	-0.3934680
0.7745202	-0.3785443
0.7785966	-0.3630354
0.7826730	-0.3471077
0.7867494	-0.3309024
0.7908258	-0.3145667
0.7949023	-0.2982257
0.7989787	-0.2819906
0.8030551	-0.2659525
0.8071315	-0.2501825
0.8112080	-0.2347724
0.8152844	-0.2197876
0.8193608	-0.2052820
0.8234372	-0.1912848
0.8275136	-0.1778199
0.8315901	-0.1649344
0.8356665	-0.1526499
0.8397429	-0.1409799
0.8438193	-0.1299148
0.8478957	-0.1194452
0.8519722	-0.1095885
0.8560486	-0.1003391
0.8601250	-9.1686375E-02
0.8642014	-8.3604738E-02
0.8682778	-7.6061159E-02
0.8723543	-6.9057487E-02
0.8764307	-6.2574565E-02
0.8805071	-5.6590915E-02
0.8845835	-5.1080506E-02
0.8886600	-4.5997284E-02
0.8927364	-4.1336693E-02
0.8968128	-3.7075620E-02
0.9008892	-3.3190496E-02
0.9049656	-2.9657274E-02
0.9090421	-2.6440851E-02
0.9131185	-2.3523057E-02
0.9171949	-2.0885946E-02
0.9212713	-1.8508682E-02
0.9253477	-1.6371006E-02
0.9294242	-1.4451869E-02
0.9335006	-1.2729093E-02
0.9375770	-1.1189189E-02
0.9416534	-9.8159304E-03
0.9457299	-8.5940585E-03
0.9498063	-7.5092777E-03
0.9538828	-6.5485700E-03
0.9579592	-5.6994646E-03
0.9620356	-4.9502729E-03
0.9661120	-4.2904140E-03
0.9701884	-3.7102406E-03
0.9742649	-3.2010414E-03
0.9783413	-2.7582976E-03
0.9824177	-2.3724374E-03
0.9864941	-2.0361224E-03
0.9905705	-1.7432298E-03
0.9946470	-1.4883495E-03
0.9987234	-1.2667838E-03
1.002800	-1.0789791E-03
1.006876	-9.1740559E-04
1.010953	-7.7819126E-04
1.015029	-6.5813749E-04
1.019105	-5.5450486E-04
1.023182	-4.6501303E-04
1.027258	-3.9143456E-04
1.031335	-3.2922288E-04
1.035411	-2.7621264E-04
1.039488	-2.3087639E-04
1.043564	-1.9194333E-04
1.047640	-1.5839924E-04
1.051717	-1.3141001E-04
1.055793	-1.0946282E-04
1.059870	-9.0980495E-05
1.063946	-7.5290540E-05
1.068022	-6.1845967E-05
1.072099	-5.0225255E-05
1.076175	-4.0675277E-05
1.080252	-3.3613338E-05
1.084328	-2.7754164E-05
1.088405	-2.2823773E-05
1.092481	-1.8601935E-05
1.096557	-1.4922180E-05
1.100634	-1.1671790E-05
1.104710	-9.4740026E-06
1.108787	-7.7986533E-06
1.112863	-6.4102906E-06
1.116940	-5.2260734E-06
1.121016	-4.1832850E-06
1.125092	-3.2393327E-06
1.129169	-2.4253281E-06
1.133245	-1.9961583E-06
1.137322	-1.6516162E-06
