0.0000000E+00	84.49449
4.0764217E-03	84.54324
8.1528435E-03	84.63747
1.2229266E-02	84.75832
1.6305687E-02	84.90008
2.0382110E-02	85.05929
2.4458531E-02	85.23357
2.8534953E-02	85.42109
3.2611374E-02	85.62037
3.6687799E-02	85.83016
4.0764220E-02	86.04939
4.4840641E-02	86.27708
4.8917063E-02	86.51234
5.2993484E-02	86.75439
5.7069905E-02	87.00243
6.1146330E-02	87.25575
6.5222748E-02	87.51366
6.9299169E-02	87.77546
7.3375598E-02	88.04050
7.7452019E-02	88.30814
8.1528440E-02	88.57772
8.5604861E-02	88.84862
8.9681283E-02	89.12019
9.3757704E-02	89.39182
9.7834125E-02	89.66286
0.1019105	89.93267
0.1059870	90.20063
0.1100634	90.46609
0.1141398	90.72839
0.1182162	90.98689
0.1222927	91.24094
0.1263691	91.48985
0.1304455	91.73298
0.1345219	91.96964
0.1385983	92.19914
0.1426748	92.42081
0.1467512	92.63396
0.1508276	92.83788
0.1549040	93.03188
0.1589805	93.21524
0.1630569	93.38726
0.1671333	93.54723
0.1712097	93.69444
0.1752861	93.82816
0.1793626	93.94768
0.1834390	94.05228
0.1875154	94.14124
0.1915918	94.21386
0.1956683	94.26941
0.1997447	94.30719
0.2038211	94.32650
0.2078975	94.32663
0.2119739	94.30690
0.2160504	94.26662
0.2201268	94.20512
0.2242032	94.12174
0.2282796	94.01582
0.2323560	93.88673
0.2364325	93.73385
0.2405089	93.55656
0.2445853	93.35428
0.2486617	93.12644
0.2527381	92.87250
0.2568146	92.59192
0.2608910	92.28419
0.2649674	91.94885
0.2690438	91.58544
0.2731203	91.19354
0.2771967	90.77275
0.2812731	90.32272
0.2853495	89.84311
0.2894260	89.33363
0.2935024	88.79401
0.2975788	88.22405
0.3016552	87.62357
0.3057317	86.99241
0.3098081	86.33049
0.3138845	85.63775
0.3179609	84.91417
0.3220373	84.15981
0.3261138	83.37473
0.3301902	82.55907
0.3342666	81.71303
0.3383430	80.83679
0.3424194	79.93067
0.3464959	78.99502
0.3505723	78.03023
0.3546487	77.03674
0.3587251	76.01504
0.3628016	74.96570
0.3668780	73.88932
0.3709544	72.78656
0.3750308	71.65814
0.3791072	70.50483
0.3831837	69.32746
0.3872601	68.12690
0.3913365	66.90408
0.3954129	65.65998
0.3994893	64.39564
0.4035658	63.11212
0.4076422	61.81057
0.4117186	60.49215
0.4157950	59.15807
0.4198714	57.80960
0.4239479	56.44802
0.4280243	55.07468
0.4321007	53.69094
0.4361771	52.29819
0.4402536	50.89788
0.4443300	49.49144
0.4484064	48.08036
0.4524828	46.66614
0.4565592	45.25028
0.4606357	43.83432
0.4647121	42.41978
0.4687885	41.00819
0.4728649	39.60113
0.4769414	38.20011
0.4810178	36.80666
0.4850942	35.42232
0.4891706	34.04859
0.4932471	32.68695
0.4973235	31.33889
0.5013999	30.00584
0.5054763	28.68921
0.5095527	27.39039
0.5136291	26.11071
0.5177056	24.85147
0.5217820	23.61393
0.5258584	22.39928
0.5299348	21.20868
0.5340112	20.04323
0.5380877	18.90396
0.5421641	17.79183
0.5462405	16.70777
0.5503169	15.65262
0.5543934	14.62713
0.5584698	13.63202
0.5625462	12.66791
0.5666226	11.73535
0.5706991	10.83480
0.5747755	9.966673
0.5788519	9.131277
0.5829284	8.328847
0.5870048	7.559544
0.5910812	6.823450
0.5951576	6.120567
0.5992340	5.450819
0.6033105	4.814043
0.6073869	4.210029
0.6114633	3.638481
0.6155397	3.099010
0.6196162	2.591182
0.6236926	2.114512
0.6277690	1.668441
0.6318454	1.252293
0.6359218	0.8654233
0.6399983	0.5071149
0.6440747	0.1765861
0.6481511	-0.1270614
0.6522275	-0.4046274
0.6563039	-0.6570043
0.6603804	-0.8851372
0.6644568	-1.090062
0.6685332	-1.272688
0.6726096	-1.434011
0.6766860	-1.575060
0.6807625	-1.696947
0.6848389	-1.800623
0.6889153	-1.887115
0.6929917	-1.957459
0.6970682	-2.012783
0.7011446	-2.054015
0.7052210	-2.082150
0.7092974	-2.098171
0.7133738	-2.103127
0.7174503	-2.097909
0.7215267	-2.083413
0.7256031	-2.060524
0.7296795	-2.030139
0.7337559	-1.993089
0.7378324	-1.950131
0.7419088	-1.902014
0.7459852	-1.849464
0.7500616	-1.793192
0.7541381	-1.733811
0.7582145	-1.671919
0.7622909	-1.608079
0.7663673	-1.542817
0.7704437	-1.476618
0.7745202	-1.409928
0.7785966	-1.343156
0.7826730	-1.276673
0.7867494	-1.210777
0.7908258	-1.145799
0.7949023	-1.082009
0.7989787	-1.019643
0.8030551	-0.9588850
0.8071315	-0.8998694
0.8112080	-0.8427883
0.8152844	-0.7877663
0.8193608	-0.7349001
0.8234372	-0.6842256
0.8275136	-0.6357660
0.8315901	-0.5896037
0.8356665	-0.5457582
0.8397429	-0.5042298
0.8438193	-0.4649618
0.8478957	-0.4278992
0.8519722	-0.3930534
0.8560486	-0.3603797
0.8601250	-0.3298216
0.8642014	-0.3012860
0.8682778	-0.2746622
0.8723543	-0.2499265
0.8764307	-0.2270037
0.8805071	-0.2058136
0.8845835	-0.1862653
0.8886600	-0.1682180
0.8927364	-0.1516363
0.8968128	-0.1364388
0.9008892	-0.1225436
0.9049656	-0.1098684
0.9090421	-9.8303281E-02
0.9131185	-8.7782428E-02
0.9171949	-7.8241460E-02
0.9212713	-6.9609277E-02
0.9253477	-6.1817028E-02
0.9294242	-5.4794598E-02
0.9335006	-4.8469726E-02
0.9375770	-4.2793158E-02
0.9416534	-3.7709389E-02
0.9457299	-3.3166137E-02
0.9498063	-2.9114356E-02
0.9538828	-2.5509603E-02
0.9579592	-2.2308795E-02
0.9620356	-1.9471262E-02
0.9661120	-1.6960189E-02
0.9701884	-1.4741850E-02
0.9742649	-1.2785609E-02
0.9783413	-1.1074077E-02
0.9824177	-9.5742829E-03
0.9864941	-8.2603898E-03
0.9905705	-7.1105286E-03
0.9946470	-6.1052265E-03
0.9987234	-5.2274028E-03
1.002800	-4.4764671E-03
1.006876	-3.8265928E-03
1.010953	-3.2637159E-03
1.015029	-2.7760430E-03
1.019105	-2.3533700E-03
1.023182	-1.9870833E-03
1.027258	-1.6820178E-03
1.031335	-1.4222297E-03
1.035411	-1.1997079E-03
1.039488	-1.0086207E-03
1.043564	-8.4405800E-04
1.047640	-7.0203107E-04
1.051717	-5.8610126E-04
1.055793	-4.9063528E-04
1.059870	-4.0981491E-04
1.063946	-3.4097675E-04
1.068022	-2.8192694E-04
1.072099	-2.3094086E-04
1.076175	-1.8872469E-04
1.080252	-1.5661634E-04
1.084328	-1.2981927E-04
1.088405	-1.0720629E-04
1.092481	-8.7860535E-05
1.096557	-7.1075447E-05
1.100634	-5.6354733E-05
1.104710	-4.6002904E-05
1.108787	-3.7950853E-05
1.112863	-3.1254738E-05
1.116940	-2.5556395E-05
1.121016	-2.0580246E-05
1.125092	-1.6133297E-05
1.129169	-1.2319166E-05
1.133245	-1.0137539E-05
1.137322	-8.3729847E-06
1.141398	-6.8958748E-06
1.145475	-5.6048011E-06
1.149551	-4.4265698E-06
1.153627	-3.3162039E-06
1.157704	-2.4287708E-06
1.161780	-2.0020893E-06
1.165857	-1.6548262E-06
1.169933	-1.3536385E-06
1.174010	-1.0737534E-06
1.178086	-7.9896819E-07
