   1  -22.18724   -7.44350   -7.44304   -7.44304    0.16493    0.16496    0.16496    0.17915    8.32550    8.32553   14.19248   14.19336   14.19336
   2  -22.18552   -7.44829   -7.44695   -7.44649    0.15407    0.17023    0.17029    0.19054    8.30484    8.32754   14.19504   14.19592   14.21477
   3  -22.18037   -7.46397   -7.45728   -7.45681    0.13613    0.18613    0.18624    0.20993    8.24397    8.33364   14.20271   14.20360   14.27783
   4  -22.17178   -7.48996   -7.47437   -7.47390    0.11354    0.21252    0.21268    0.23471    8.14609    8.34382   14.21549   14.21638   14.37936
   5  -22.15976   -7.52603   -7.49805   -7.49757    0.08539    0.24922    0.24943    0.26548    8.01590    8.35808   14.23337   14.23426   14.51470
   6  -22.14431   -7.57187   -7.52808   -7.52759    0.05108    0.29599    0.29625    0.30238    7.85887    8.37644   14.25633   14.25723   14.67841
   7  -22.12542   -7.62711   -7.56418   -7.56368    0.01039    0.34506    0.35255    0.35285    7.68064    8.39892   14.28435   14.28526   14.86492
   8  -22.10311   -7.69132   -7.60601   -7.60550   -0.03672    0.39286    0.41853    0.41888    7.48665    8.42553   14.31741   14.31832   15.06895
   9  -22.07738   -7.76406   -7.65321   -7.65268   -0.09018    0.44487    0.49356    0.49396    7.28190    8.45630   14.35549   14.35640   15.28571
  10  -22.04823   -7.84482   -7.70537   -7.70483   -0.14983    0.49997    0.57723    0.57767    7.07090    8.49126   14.39853   14.39946   15.51102
  11  -22.01566   -7.93310   -7.76208   -7.76153   -0.21546    0.55685    0.66911    0.66959    6.85768    8.53044   14.44651   14.44745   15.74127
  12  -21.97970   -8.02840   -7.82292   -7.82236   -0.28685    0.61403    0.76875    0.76926    6.64592    8.57387   14.49938   14.50033   15.97341
  13  -21.94033   -8.13021   -7.88747   -7.88690   -0.36375    0.66987    0.87569    0.87624    6.43898    8.62159   14.55709   14.55805   16.20486
  14  -21.89759   -8.23806   -7.95529   -7.95471   -0.44589    0.72255    0.98949    0.99007    6.23999    8.67363   14.61958   14.62056   16.43345
  15  -21.85147   -8.35147   -8.02599   -8.02540   -0.53299    0.77009    1.10970    1.11032    6.05192    8.73004   14.68679   14.68779   16.65736
  16  -21.80199   -8.47001   -8.09915   -8.09855   -0.62479    0.81043    1.23588    1.23652    5.87762    8.79086   14.75865   14.75966   16.87508
  17  -21.74918   -8.59326   -8.17439   -8.17379   -0.72100    0.84142    1.36759    1.36827    5.71977    8.85613   14.83507   14.83610   17.08536
  18  -21.69304   -8.72083   -8.25136   -8.25076   -0.82134    0.86100    1.50443    1.50513    5.58085    8.92589   14.91597   14.91703   17.28719
  19  -21.63361   -8.85237   -8.32970   -8.32909   -0.92553    0.86727    1.64598    1.64670    5.46301    9.00019   15.00126   15.00234   17.47973
  20  -21.57090   -8.98754   -8.40908   -8.40848   -1.03329    0.85869    1.79185    1.79260    5.36797    9.07906   15.09083   15.09194   17.66233
  21  -21.50494   -9.12606   -8.48921   -8.48860   -1.14435    0.83422    1.94166    1.94243    5.29685    9.16255   15.18457   15.18570   17.83451
  22  -21.43577   -9.26764   -8.56979   -8.56919   -1.25841    0.79347    2.09503    2.09582    5.25006    9.25068   15.28236   15.28351   17.99590
  23  -21.36341   -9.41203   -8.65055   -8.64996   -1.37520    0.73671    2.25161    2.25242    5.22729    9.34350   15.38405   15.38524   18.14625
  24  -21.28790   -9.55901   -8.73126   -8.73067   -1.49442    0.66488    2.41105    2.41188    5.22750    9.44101   15.48950   15.49072   18.28545
  25  -21.20927   -9.70837   -8.81168   -8.81109   -1.61579    0.57941    2.57299    2.57383    5.24913    9.54324   15.59856   15.59982   18.41345
  26  -21.12758   -9.85992   -8.89160   -8.89101   -1.73898    0.48212    2.73710    2.73796    5.29018    9.65019   15.71105   15.71234   18.53030
  27  -21.04286  -10.01349   -8.97081   -8.97024   -1.86369    0.37498    2.90304    2.90391    5.34847    9.76185   15.82678   15.82812   18.63612
  28  -20.95517  -10.16891   -9.04915   -9.04859   -1.98959    0.25999    3.07047    3.07135    5.42175    9.87819   15.94557   15.94694   18.73111
  29  -20.86456  -10.32604   -9.12644   -9.12589   -2.11635    0.13905    3.23905    3.23994    5.50784    9.99918   16.06719   16.06859   18.81551
  30  -20.77108  -10.48473   -9.20253   -9.20198   -2.24361    0.01390    3.40846    3.40935    5.60470   10.12476   16.19141   16.19285   18.88962
  31  -20.67480  -10.64485   -9.27728   -9.27674   -2.37100   -0.11391    3.57833    3.57923    5.71046   10.25483   16.31798   16.31947   18.95379
  32  -20.57578  -10.80627   -9.35055   -9.35002   -2.49818   -0.24307    3.74834    3.74924    5.82343   10.38928   16.44664   16.44817   19.00840
  33  -20.47411  -10.96885   -9.42223   -9.42171   -2.62475   -0.37244    3.91812    3.91903    5.94211   10.52797   16.57711   16.57868   19.05386
  34  -20.36985  -11.13246   -9.49219   -9.49169   -2.75034   -0.50108    4.08733    4.08824    6.06517   10.67072   16.70909   16.71070   19.09065
  35  -20.26310  -11.29698   -9.56035   -9.55985   -2.87457   -0.62820    4.25559    4.25650    6.19141   10.81730   16.84225   16.84389   19.11921
  36  -20.15396  -11.46225   -9.62660   -9.62611   -2.99706   -0.75317    4.42253    4.42343    6.31980   10.96746   16.97625   16.97793   19.14006
  37  -20.04252  -11.62813   -9.69086   -9.69038   -3.11745   -0.87545    4.58776    4.58866    6.44938   11.12087   17.11073   17.11244   19.15372
  38  -19.92891  -11.79447   -9.75304   -9.75257   -3.23537   -0.99461    4.75090    4.75180    6.57930   11.27717   17.24531   17.24704   19.16071
  39  -19.81325  -11.96108   -9.81307   -9.81261   -3.35047   -1.11029    4.91154    4.91243    6.70879   11.43594   17.37957   17.38133   19.16159
  40  -19.69569  -12.12779   -9.87088   -9.87043   -3.46244   -1.22220    5.06927    5.07015    6.83715   11.59670   17.51311   17.51489   19.15692
  41  -19.57640  -12.29438   -9.92640   -9.92596   -3.57094   -1.33010    5.22367    5.22454    6.96374   11.75889   17.64546   17.64725   19.14726
  42  -19.45555  -12.46064   -9.97957   -9.97915   -3.67570   -1.43376    5.37432    5.37517    7.08796   11.92190   17.77616   17.77796   19.13319
  43  -19.33336  -12.62629  -10.03035  -10.02993   -3.77643   -1.53303    5.52078    5.52162    7.20925   12.08506   17.90474   17.90653   19.11528
  44  -19.21008  -12.79107  -10.07867  -10.07826   -3.87289   -1.62773    5.66262    5.66345    7.32708   12.24760   18.03067   18.03246   19.09413
  45  -19.08598  -12.95462  -10.12448  -10.12409   -3.96485   -1.71774    5.79940    5.80021    7.44099   12.40873   18.15346   18.15522   19.07030
  46  -18.96139  -13.11659  -10.16774  -10.16736   -4.05209   -1.80292    5.93068    5.93147    7.55049   12.56754   18.27255   18.27429   19.04438
  47  -18.83670  -13.27654  -10.20841  -10.20804   -4.13443   -1.88317    6.05602    6.05679    7.65515   12.72311   18.38742   18.38912   19.01692
  48  -18.71236  -13.43396  -10.24645  -10.24609   -4.21170   -1.95838    6.17498    6.17574    7.75457   12.87444   18.49750   18.49916   18.98849
  49  -18.58892  -13.58826  -10.28183  -10.28147   -4.28375   -2.02845    6.28715    6.28789    7.84833   13.02050   18.60226   18.60385   18.95962
  50  -18.46703  -13.73874  -10.31449  -10.31415   -4.35045   -2.09328    6.39211    6.39283    7.93609   13.16022   18.70114   18.70266   18.93085
  51  -18.34749  -13.88456  -10.34443  -10.34410   -4.41168   -2.15280    6.48946    6.49015    8.01748   13.29251   18.79360   18.79505   18.90269
  52  -18.23123  -14.02474  -10.37160  -10.37128   -4.46735   -2.20692    6.57882    6.57949    8.09218   13.41629   18.87560   18.87911   18.88048
  53  -18.11942  -14.15808  -10.39598  -10.39568   -4.51736   -2.25556    6.65983    6.66048    8.15989   13.53049   18.85004   18.95718   18.95845
  54  -18.01344  -14.28314  -10.41756  -10.41726   -4.56164   -2.29865    6.73215    6.73278    8.22033   13.63408   18.82644   19.02732   19.02848
  55  -17.91494  -14.39826  -10.43629  -10.43600   -4.60014   -2.33613    6.79548    6.79609    8.27324   13.72608   18.80516   19.08909   19.09015
  56  -17.82584  -14.50148  -10.45218  -10.45190   -4.63279   -2.36794    6.84955    6.85014    8.31841   13.80560   18.78656   19.14209   19.14304
  57  -17.74830  -14.59062  -10.46520  -10.46492   -4.65957   -2.39404    6.89413    6.89470    8.35563   13.87183   18.77093   19.18597   19.18681
  58  -17.68462  -14.66333  -10.47534  -10.47507   -4.68042   -2.41438    6.92901    6.92957    8.38476   13.92409   18.75850   19.22042   19.22117
  59  -17.63708  -14.71734  -10.48259  -10.48232   -4.69534   -2.42893    6.95403    6.95459    8.40565   13.96183   18.74949   19.24521   19.24587
  60  -17.60764  -14.75066  -10.48694  -10.48668   -4.70429   -2.43768    6.96909    6.96964    8.41823   13.98463   18.74402   19.26016   19.26076
  61  -17.59767  -14.76193  -10.48839  -10.48813   -4.70728   -2.44059    6.97412    6.97467    8.42242   13.99226   18.74219   19.26515   19.26574
  62  -17.59767  -14.76193  -10.48839  -10.48813   -4.70728   -2.44059    6.97412    6.97467    8.42242   13.99226   18.74219   19.26515   19.26574
  63  -17.59724  -14.76048  -10.49314  -10.49192   -4.69947   -2.43178    6.96437    6.97419    8.41761   13.97715   18.68170   19.27269   19.32292
  64  -17.59595  -14.75612  -10.50731  -10.50319   -4.67614   -2.40541    6.93356    6.97438    8.40308   13.93244   18.54522   19.29486   19.44962
  65  -17.59383  -14.74888  -10.53067  -10.52170   -4.63756   -2.36171    6.88249    6.97468    8.37857   13.85998   18.38088   19.33043   19.59803
  66  -17.59088  -14.73877  -10.56286  -10.54704   -4.58418   -2.30104    6.81160    6.97509    8.34363   13.76263   18.20717   19.37754   19.75021
  67  -17.58714  -14.72585  -10.60337  -10.57866   -4.51660   -2.22387    6.72147    6.97555    8.29769   13.64399   18.03149   19.43396   19.89944
  68  -17.58265  -14.71014  -10.65162  -10.61592   -4.43553   -2.13078    6.61290    6.97602    8.24001   13.50813   17.85772   19.49729   20.04266
  69  -17.57745  -14.69173  -10.70692  -10.65810   -4.34177   -2.02241    6.48681    6.97642    8.16980   13.35934   17.68833   19.56521   20.17827
  70  -17.57159  -14.67067  -10.76854  -10.70445   -4.23622   -1.89947    6.34434    6.97663    8.08621   13.20191   17.52511   19.63560   20.30539
  71  -17.56514  -14.64706  -10.83570  -10.75418   -4.11978   -1.76271    6.18674    6.97644    7.98848   13.03998   17.36937   19.70660   20.42354
  72  -17.55816  -14.62101  -10.90759  -10.80650   -3.99342   -1.61289    6.01543    6.97552    7.87604   12.87738   17.22209   19.77668   20.53254
  73  -17.55073  -14.59264  -10.98340  -10.86065   -3.85811   -1.45075    5.83193    6.97323    7.74878   12.71756   17.08395   19.84460   20.63242
  74  -17.54292  -14.56210  -11.06233  -10.91590   -3.71485   -1.27706    5.63788    6.96823    7.60751   12.56346   16.95538   19.90944   20.72335
  75  -17.53483  -14.52957  -11.14356  -10.97155   -3.56464   -1.09255    5.43499    6.95735    7.45524   12.41745   16.83658   19.97052   20.80563
  76  -17.52655  -14.49525  -11.22632  -11.02694   -3.40852   -0.89797    5.22505    6.93156    7.30118   12.28133   16.72757   20.02737   20.87963
  77  -17.51816  -14.45939  -11.30981  -11.08146   -3.24757   -0.69403    5.00989    6.86535    7.17143   12.15628   16.62820   20.07972   20.94580
  78  -17.50977  -14.42225  -11.39325  -11.13456   -3.08294   -0.48144    4.79141    6.72684    7.09885   12.04296   16.53824   20.12746   21.00460
  79  -17.50147  -14.38417  -11.47586  -11.18571   -2.91585   -0.26095    4.57158    6.53147    7.06935   11.94153   16.45732   20.17056   21.05654
  80  -17.49337  -14.34553  -11.55685  -11.23444   -2.74768   -0.03332    4.35243    6.30664    7.05715   11.85176   16.38504   20.20912   21.10211
  81  -17.48557  -14.30677  -11.63540  -11.28033   -2.57994    0.20062    4.13616    6.06471    7.05177   11.77318   16.32097   20.24329   21.14181
  82  -17.47815  -14.26840  -11.71069  -11.32299   -2.41440    0.43991    3.92507    5.81149    7.04948   11.70512   16.26465   20.27325   21.17612
  83  -17.47123  -14.23100  -11.78184  -11.36208   -2.25310    0.68341    3.72174    5.55078    7.04874   11.64681   16.21564   20.29924   21.20550
  84  -17.46488  -14.19525  -11.84793  -11.39727   -2.09843    0.92965    3.52899    5.28589    7.04884   11.59748   16.17351   20.32149   21.23036
  85  -17.45919  -14.16186  -11.90802  -11.42832   -1.95318    1.17658    3.35000    5.02026    7.04935   11.55638   16.13786   20.34021   21.25110
  86  -17.45424  -14.13163  -11.96114  -11.45497   -1.82057    1.42118    3.18834    4.75804    7.05005   11.52281   16.10833   20.35565   21.26805
  87  -17.45010  -14.10538  -12.00632  -11.47705   -1.70424    1.65864    3.04788    4.50498    7.05079   11.49618   16.08461   20.36798   21.28151
  88  -17.44681  -14.08392  -12.04263  -11.49438   -1.60806    1.88071    2.93272    4.27003    7.05145   11.47599   16.06643   20.37739   21.29172
  89  -17.44443  -14.06798  -12.06923  -11.50685   -1.53587    2.07287    2.84685    4.06829    7.05196   11.46185   16.05360   20.38402   21.29887
  90  -17.44299  -14.05816  -12.08548  -11.51436   -1.49101    2.21055    2.79374    3.92469    7.05230   11.45347   16.04596   20.38797   21.30311
  91  -17.44251  -14.05485  -12.09094  -11.51686   -1.47579    2.26208    2.77575    3.87116    7.05242   11.45068   16.04342   20.38929   21.30452
  92  -17.44251  -14.05485  -12.09094  -11.51686   -1.47579    2.26208    2.77575    3.87116    7.05242   11.45068   16.04342   20.38929   21.30452
  93  -17.44592  -14.05412  -12.09959  -11.50131   -1.47636    2.25363    2.77750    3.88601    7.04515   11.44080   16.04446   20.37593   21.31352
  94  -17.45609  -14.05220  -12.12223  -11.45781   -1.47806    2.22861    2.78354    3.92934    7.02331   11.41162   16.04741   20.33775   21.33848
  95  -17.47280  -14.04979  -12.15163  -11.39314   -1.48075    2.18827    2.79560    3.99798    6.98680   11.36449   16.05171   20.27929   21.37433
  96  -17.49571  -14.04798  -12.18072  -11.31370   -1.48426    2.13475    2.81517    4.08794    6.93545   11.30154   16.05655   20.20565   21.41518
  97  -17.52437  -14.04817  -12.20404  -11.22408   -1.48833    2.07083    2.84282    4.19533    6.86914   11.22548   16.06092   20.12120   21.45564
  98  -17.55825  -14.05186  -12.21766  -11.12737   -1.49266    1.99932    2.87834    4.31685    6.78783   11.13937   16.06374   20.02921   21.49127
  99  -17.59678  -14.06047  -12.21884  -11.02563   -1.49690    1.92273    2.92103    4.44976    6.69171   11.04645   16.06393   19.93198   21.51851
 100  -17.63936  -14.07514  -12.20577  -10.92032   -1.50070    1.84309    2.96996    4.59170    6.58135   10.94989   16.06051   19.83116   21.53452
 101  -17.68539  -14.09656  -12.17749  -10.81250   -1.50365    1.76194    3.02409    4.74033    6.45801   10.85267   16.05262   19.72791   21.53703
 102  -17.73426  -14.12491  -12.13380  -10.70304   -1.50537    1.68046    3.08231    4.89268    6.32425   10.75741   16.03955   19.62308   21.52426
 103  -17.78543  -14.15989  -12.07513  -10.59263   -1.50547    1.59953    3.14340    5.04361    6.18537   10.66634   16.02075   19.51730   21.49489
 104  -17.83836  -14.20084  -12.00236  -10.48185   -1.50359    1.51981    3.20605    5.18171    6.05356   10.58121   15.99583   19.41108   21.44798
 105  -17.89256  -14.24689  -11.91667  -10.37123   -1.49938    1.44179    3.26877    5.27809    5.95899   10.50335   15.96454   19.30482   21.38302
 106  -17.94758  -14.29706  -11.81933  -10.26124   -1.49255    1.36585    3.32976    5.28112    5.95521   10.43369   15.92676   19.19887   21.29984
 107  -18.00303  -14.35037  -11.71167  -10.15232   -1.48283    1.29230    3.38673    5.18032    6.05527   10.37285   15.88250   19.09349   21.19865
 108  -18.05852  -14.40593  -11.59494  -10.04486   -1.47000    1.22135    3.43656    5.02362    6.21482   10.32115   15.83191   18.98891   21.07996
 109  -18.11373  -14.46292  -11.47032   -9.93924   -1.45394    1.15320    3.47464    4.84731    6.40265   10.27876   15.77521   18.88531   20.94458
 110  -18.16837  -14.52064  -11.33889   -9.83582   -1.43454    1.08799    3.49391    4.67163    6.60609   10.24569   15.71276   18.78280   20.79357
 111  -18.22217  -14.57848  -11.20165   -9.73492   -1.41180    1.02587    3.48378    4.51295    6.81981   10.22187   15.64498   18.68147   20.62823
 112  -18.27489  -14.63592  -11.05953   -9.63686   -1.38582    0.96694    3.43143    4.38714    7.04116   10.20718   15.57241   18.58133   20.45002
 113  -18.32632  -14.69255  -10.91340   -9.54193   -1.35676    0.91132    3.32892    4.30411    7.26851   10.20145   15.49566   18.48238   20.26054
 114  -18.37628  -14.74798  -10.76408   -9.45038   -1.32494    0.85912    3.18104    4.26054    7.50066   10.20448   15.41541   18.38456   20.06152
 115  -18.42460  -14.80190  -10.61237   -9.36245   -1.29078    0.81048    3.00157    4.24391    7.73659   10.21603   15.33239   18.28777   19.85475
 116  -18.47113  -14.85406  -10.45906   -9.27837   -1.25483    0.76554    2.80407    4.24188    7.97531   10.23581   15.24741   18.19193   19.64207
 117  -18.51573  -14.90424  -10.30495   -9.19831   -1.21782    0.72446    2.59825    4.24597    8.21580   10.26346   15.16127   18.09693   19.42537
 118  -18.55829  -14.95225  -10.15085   -9.12246   -1.18064    0.68744    2.39059    4.25107    8.45696   10.29855   15.07481   18.00269   19.20652
 119  -18.59871  -14.99792   -9.99761   -9.05093   -1.14435    0.65471    2.18554    4.25422    8.69762   10.34053   14.98888   17.90917   18.98740
 120  -18.63688  -15.04112   -9.84611   -8.98386   -1.11017    0.62654    1.98645    4.25373    8.93648   10.38876   14.90431   17.81638   18.76991
 121  -18.67273  -15.08174   -9.69730   -8.92132   -1.07945    0.60320    1.79603    4.24879    9.17209   10.44247   14.82190   17.72441   18.55590
 122  -18.70618  -15.11966   -9.55218   -8.86338   -1.05361    0.58498    1.61655    4.23912    9.40291   10.50073   14.74243   17.63347   18.34725
 123  -18.73716  -15.15482   -9.41182   -8.81010   -1.03400    0.57210    1.45001    4.22487    9.62720   10.56249   14.66663   17.54387   18.14581
 124  -18.76563  -15.18713   -9.27735   -8.76149   -1.02177    0.56466    1.29808    4.20649    9.84313   10.62655   14.59516   17.45610   17.95346
 125  -18.79152  -15.21652   -9.14999   -8.71758   -1.01762    0.56256    1.16203    4.18472   10.04868   10.69157   14.52863   17.37082   17.77206
 126  -18.81479  -15.24295   -9.03101   -8.67835   -1.02161    0.56544    1.04267    4.16049   10.24171   10.75608   14.46758   17.28888   17.60347
 127  -18.83542  -15.26637   -8.92172   -8.64382   -1.03302    0.57258    0.94028    4.13490   10.41997   10.81850   14.41249   17.21133   17.44952
 128  -18.85335  -15.28674   -8.82344   -8.61394   -1.05033    0.58295    0.85455    4.10914   10.58112   10.87720   14.36377   17.13945   17.31199
 129  -18.86857  -15.30403   -8.73751   -8.58872   -1.07136    0.59526    0.78474    4.08449   10.72280   10.93052   14.32181   17.07467   17.19254
 130  -18.88106  -15.31821   -8.66518   -8.56812   -1.09350    0.60805    0.72979    4.06219   10.84268   10.97684   14.28693   17.01857   17.09268
 131  -18.89079  -15.32926   -8.60758   -8.55212   -1.11411    0.61986    0.68856    4.04342   10.93859   11.01465   14.25942   16.97276   17.01367
 132  -18.89775  -15.33716   -8.56569   -8.54070   -1.13076    0.62936    0.65998    4.02921   11.00862   11.04268   14.23955   16.93875   16.95654
 133  -18.90193  -15.34191   -8.54024   -8.53386   -1.14156    0.63552    0.64319    4.02034   11.05129   11.05992   14.22753   16.91777   16.92198
 134  -18.90332  -15.34349   -8.53177   -8.53152   -1.14530    0.63762    0.63768    4.01733   11.06558   11.06578   14.22351   16.91026   16.91083
 135  -18.90332  -15.34349   -8.53177   -8.53152   -1.14530    0.63762    0.63768    4.01733   11.06558   11.06578   14.22351   16.91026   16.91083
 136  -18.91081  -15.33325   -8.53099   -8.53074   -1.14421    0.63876    0.63883    4.01648   11.04653   11.04672   14.22141   16.92545   16.92602
 137  -18.93302  -15.30281   -8.52866   -8.52840   -1.14094    0.64218    0.64228    4.01393   10.99026   10.99045   14.21513   16.97009   16.97068
 138  -18.96918  -15.25293   -8.52478   -8.52451   -1.13553    0.64786    0.64799    4.00960   10.89930   10.89949   14.20478   17.04161   17.04221
 139  -19.01813  -15.18478   -8.51935   -8.51907   -1.12799    0.65575    0.65591    4.00341   10.77738   10.77757   14.19050   17.13616   17.13677
 140  -19.07844  -15.09980   -8.51240   -8.51209   -1.11839    0.66577    0.66596    3.99523   10.62898   10.62917   14.17252   17.24913   17.24975
 141  -19.14859  -14.99955   -8.50392   -8.50359   -1.10676    0.67784    0.67807    3.98488   10.45879   10.45898   14.15110   17.37565   17.37630
 142  -19.22702  -14.88560   -8.49393   -8.49359   -1.09317    0.69185    0.69211    3.97218   10.27142   10.27162   14.12657   17.51096   17.51163
 143  -19.31225  -14.75944   -8.48246   -8.48209   -1.07771    0.70766    0.70795    3.95689   10.07114   10.07134   14.09931   17.65061   17.65130
 144  -19.40294  -14.62247   -8.46952   -8.46914   -1.06045    0.72511    0.72543    3.93876    9.86178    9.86198   14.06973   17.79061   17.79132
 145  -19.49789  -14.47592   -8.45514   -8.45473   -1.04148    0.74401    0.74436    3.91751    9.64671    9.64692   14.03830   17.92744   17.92817
 146  -19.59604  -14.32089   -8.43935   -8.43892   -1.02089    0.76415    0.76453    3.89283    9.42888    9.42909   14.00550   18.05808   18.05884
 147  -19.69649  -14.15833   -8.42217   -8.42172   -0.99876    0.78528    0.78568    3.86442    9.21082    9.21104   13.97183   18.17995   18.18072
 148  -19.79844  -13.98909   -8.40363   -8.40316   -0.97520    0.80711    0.80754    3.83196    8.99476    8.99498   13.93782   18.29087   18.29166
 149  -19.90125  -13.81389   -8.38377   -8.38329   -0.95029    0.82935    0.82980    3.79514    8.78259    8.78282   13.90401   18.38904   18.38984
 150  -20.00434  -13.63337   -8.36264   -8.36214   -0.92413    0.85164    0.85212    3.75363    8.57601    8.57624   13.87092   18.47298   18.47380
 151  -20.10722  -13.44810   -8.34026   -8.33975   -0.89679    0.87362    0.87411    3.70714    8.37647    8.37671   13.83905   18.54153   18.54235
 152  -20.20948  -13.25858   -8.31669   -8.31617   -0.86837    0.89487    0.89538    3.65539    8.18531    8.18555   13.80891   18.59377   18.59461
 153  -20.31076  -13.06526   -8.29197   -8.29144   -0.83894    0.91495    0.91547    3.59815    8.00369    8.00393   13.78096   18.62905   18.62989
 154  -20.41077  -12.86856   -8.26616   -8.26562   -0.80857    0.93341    0.93394    3.53519    7.83267    7.83291   13.75560   18.64691   18.64777
 155  -20.50923  -12.66887   -8.23931   -8.23876   -0.77732    0.94975    0.95030    3.46637    7.67321    7.67345   13.73322   18.64713   18.64799
 156  -20.60592  -12.46654   -8.21148   -8.21093   -0.74527    0.96350    0.96406    3.39156    7.52619    7.52642   13.71413   18.62964   18.63050
 157  -20.70064  -12.26192   -8.18274   -8.18219   -0.71247    0.97418    0.97474    3.31071    7.39237    7.39260   13.69858   18.59454   18.59540
 158  -20.79322  -12.05535   -8.15316   -8.15261   -0.67897    0.98131    0.98187    3.22382    7.27246    7.27267   13.68679   18.54210   18.54295
 159  -20.88350  -11.84715   -8.12281   -8.12226   -0.64483    0.98447    0.98503    3.13096    7.16703    7.16724   13.67887   18.47270   18.47356
 160  -20.97135  -11.63767   -8.09178   -8.09124   -0.61009    0.98330    0.98386    3.03226    7.07658    7.07678   13.67489   18.38688   18.38773
 161  -21.05666  -11.42724   -8.06015   -8.05961   -0.57482    0.97748    0.97804    2.92790    7.00146    7.00165   13.67486   18.28528   18.28612
 162  -21.13931  -11.21620   -8.02802   -8.02748   -0.53906    0.96683    0.96738    2.81814    6.94191    6.94209   13.67873   18.16862   18.16945
 163  -21.21922  -11.00490   -7.99548   -7.99495   -0.50288    0.95124    0.95178    2.70331    6.89800    6.89816   13.68638   18.03775   18.03858
 164  -21.29631  -10.79374   -7.96264   -7.96211   -0.46633    0.93072    0.93125    2.58376    6.86966    6.86982   13.69763   17.89360   17.89441
 165  -21.37049  -10.58310   -7.92961   -7.92910   -0.42950    0.90542    0.90593    2.45995    6.85668    6.85682   13.71229   17.73716   17.73796
 166  -21.44171  -10.37341   -7.89652   -7.89601   -0.39246    0.87559    0.87608    2.33235    6.85866    6.85879   13.73009   17.56951   17.57031
 167  -21.50989  -10.16513   -7.86348   -7.86299   -0.35530    0.84158    0.84206    2.20151    6.87507    6.87519   13.75073   17.39181   17.39259
 168  -21.57501   -9.95875   -7.83064   -7.83016   -0.31815    0.80387    0.80433    2.06802    6.90524    6.90535   13.77391   17.20526   17.20602
 169  -21.63699   -9.75481   -7.79813   -7.79766   -0.28111    0.76299    0.76343    1.93253    6.94836    6.94846   13.79926   17.01113   17.01189
 170  -21.69581   -9.55388   -7.76610   -7.76564   -0.24433    0.71954    0.71995    1.79572    7.00350    7.00359   13.82642   16.81079   16.81153
 171  -21.75142   -9.35660   -7.73469   -7.73425   -0.20796    0.67415    0.67454    1.65836    7.06962    7.06970   13.85501   16.60563   16.60635
 172  -21.80380   -9.16366   -7.70407   -7.70364   -0.17218    0.62749    0.62786    1.52124    7.14557    7.14565   13.88462   16.39714   16.39785
 173  -21.85290   -8.97582   -7.67440   -7.67398   -0.13716    0.58024    0.58057    1.38523    7.23011    7.23017   13.91485   16.18690   16.18759
 174  -21.89871   -8.79389   -7.64583   -7.64542   -0.10312    0.53304    0.53335    1.25124    7.32186    7.32192   13.94531   15.97655   15.97723
 175  -21.94121   -8.61879   -7.61852   -7.61813   -0.07026    0.48654    0.48683    1.12025    7.41937    7.41942   13.97556   15.76786   15.76853
 176  -21.98036   -8.45146   -7.59265   -7.59227   -0.03881    0.44136    0.44162    0.99330    7.52103    7.52107   14.00522   15.56270   15.56336
 177  -22.01617   -8.29296   -7.56837   -7.56801   -0.00900    0.39808    0.39832    0.87149    7.62509    7.62513   14.03389   15.36308   15.36373
 178  -22.04860   -8.14439   -7.54585   -7.54549    0.01895    0.35724    0.35745    0.75598    7.72968    7.72972   14.06118   15.17115   15.17179
 179  -22.07764   -8.00691   -7.52522   -7.52488    0.04479    0.31933    0.31951    0.64794    7.83273    7.83277   14.08673   14.98921   14.98983
 180  -22.10330   -7.88172   -7.50665   -7.50631    0.06833    0.28481    0.28496    0.54859    7.93204    7.93207   14.11018   14.81969   14.82030
 181  -22.12555   -7.77002   -7.49025   -7.48992    0.08938    0.25406    0.25419    0.45913    8.02525    8.02528   14.13122   14.66516   14.66577
 182  -22.14439   -7.67302   -7.47616   -7.47583    0.10780    0.22745    0.22756    0.38070    8.10991    8.10994   14.14955   14.52827   14.52888
 183  -22.15981   -7.59185   -7.46447   -7.46416    0.12355    0.20527    0.20536    0.31431    8.18355    8.18358   14.16491   14.41166   14.41226
 184  -22.17181   -7.52752   -7.45529   -7.45497    0.13673    0.18777    0.18783    0.26071    8.24381    8.24384   14.17710   14.31782   14.31842
 185  -22.18038   -7.48090   -7.44867   -7.44836    0.14781    0.17513    0.17517    0.22020    8.28858    8.28861   14.18593   14.24899   14.24958
 186  -22.18553   -7.45266   -7.44468   -7.44437    0.15773    0.16749    0.16752    0.19237    8.31617    8.31620   14.19127   14.20694   14.20752
 187  -22.18724   -7.44350   -7.44304   -7.44304    0.16493    0.16496    0.16496    0.17915    8.32550    8.32553   14.19248   14.19336   14.19336
 188  -22.18724   -7.44350   -7.44304   -7.44304    0.16493    0.16496    0.16496    0.17915    8.32550    8.32553   14.19248   14.19336   14.19336
 189  -22.18574   -7.45042   -7.44653   -7.44328    0.15769    0.16599    0.16939    0.19068    8.31238    8.32229   14.19472   14.19689   14.21086
 190  -22.18122   -7.47242   -7.45559   -7.44401    0.14817    0.16910    0.18063    0.21500    8.27350    8.31275   14.20142   14.20743   14.26273
 191  -22.17370   -7.50874   -7.47068   -7.44524    0.13981    0.17428    0.19480    0.25217    8.21056    8.29712   14.21252   14.22489   14.34723
 192  -22.16318   -7.55885   -7.49173   -7.44699    0.13270    0.18151    0.21007    0.30333    8.12601    8.27577   14.22794   14.24912   14.46172
 193  -22.14965   -7.62206   -7.51868   -7.44927    0.12679    0.19080    0.22624    0.36791    8.02288    8.24925   14.24755   14.27991   14.60298
 194  -22.13311   -7.69755   -7.55146   -7.45213    0.12207    0.20211    0.24343    0.44481    7.90439    8.21822   14.27117   14.31701   14.76749
 195  -22.11359   -7.78442   -7.58996   -7.45560    0.11854    0.21545    0.26179    0.53276    7.77375    8.18346   14.29860   14.36015   14.95171
 196  -22.09107   -7.88170   -7.63407   -7.45972    0.11621    0.23078    0.28142    0.63039    7.63400    8.14591   14.32960   14.40902   15.15223
 197  -22.06556   -7.98840   -7.68364   -7.46455    0.11507    0.24808    0.30245    0.73624    7.48789    8.10656   14.36387   14.46332   15.36588
 198  -22.03708   -8.10354   -7.73854   -7.47014    0.11514    0.26732    0.32495    0.84881    7.33785    8.06653   14.40109   14.52276   15.58976
 199  -22.00563   -8.22615   -7.79860   -7.47655    0.11640    0.28849    0.34903    0.96656    7.18602    8.02703   14.44088   14.58702   15.82126
 200  -21.97122   -8.35533   -7.86364   -7.48385    0.11881    0.31153    0.37475    1.08792    7.03423    7.98932   14.48282   14.65585   16.05802
 201  -21.93386   -8.49020   -7.93348   -7.49211    0.12234    0.33643    0.40220    1.21132    6.88405    7.95474   14.52646   14.72898   16.29794
 202  -21.89357   -8.62996   -8.00792   -7.50141    0.12690    0.36314    0.43146    1.33516    6.73684    7.92469   14.57129   14.80620   16.53916
 203  -21.85036   -8.77387   -8.08675   -7.51181    0.13239    0.39162    0.46259    1.45791    6.59374    7.90056   14.61678   14.88732   16.77998
 204  -21.80425   -8.92122   -8.16975   -7.52340    0.13866    0.42184    0.49566    1.57804    6.45574    7.88379   14.66235   14.97216   17.01889
 205  -21.75525   -9.07139   -8.25670   -7.53627    0.14555    0.45376    0.53071    1.69413    6.32367    7.87574   14.70741   15.06059   17.25454
 206  -21.70340   -9.22381   -8.34737   -7.55049    0.15282    0.48735    0.56779    1.80485    6.19826    7.87775   14.75134   15.15249   17.48572
 207  -21.64870   -9.37795   -8.44154   -7.56614    0.16020    0.52256    0.60694    1.90902    6.08011    7.89098   14.79349   15.24778   17.71136
 208  -21.59120   -9.53333   -8.53897   -7.58331    0.16738    0.55936    0.64818    2.00568    5.96975    7.91646   14.83323   15.34638   17.93049
 209  -21.53092   -9.68952   -8.63943   -7.60206    0.17398    0.59774    0.69153    2.09411    5.86761    7.95496   14.86992   15.44824   18.14227
 210  -21.46788   -9.84613   -8.74269   -7.62248    0.17957    0.63767    0.73699    2.17392    5.77405    8.00695   14.90293   15.55332   18.34598
 211  -21.40213  -10.00279   -8.84852   -7.64463    0.18368    0.67914    0.78454    2.24500    5.68938    8.07259   14.93166   15.66159   18.54098
 212  -21.33370  -10.15918   -8.95668   -7.66857    0.18576    0.72214    0.83417    2.30764    5.61384    8.15167   14.95554   15.77304   18.72674
 213  -21.26264  -10.31499   -9.06695   -7.69437    0.18525    0.76670    0.88583    2.36243    5.54761    8.24361   14.97405   15.88768   18.90283
 214  -21.18899  -10.46995   -9.17910   -7.72206    0.18152    0.81282    0.93949    2.41029    5.49082    8.34746   14.98674   16.00551   19.06891
 215  -21.11279  -10.62380   -9.29292   -7.75169    0.17393    0.86054    0.99507    2.45237    5.44356    8.46195   14.99325   16.12657   19.22473
 216  -21.03411  -10.77632   -9.40819   -7.78328    0.16185    0.90990    1.05250    2.49003    5.40587    8.58545   14.99333   16.25090   19.37010
 217  -20.95300  -10.92728   -9.52469   -7.81686    0.14466    0.96098    1.11171    2.52472    5.37774    8.71609   14.98684   16.37858   19.50494
 218  -20.86952  -11.07647   -9.64222   -7.85244    0.12181    1.01383    1.17259    2.55792    5.35913    8.85172   14.97384   16.50968   19.62923
 219  -20.78374  -11.22372   -9.76056   -7.89001    0.09282    1.06854    1.23504    2.59108    5.34995    8.98994   14.95458   16.64431   19.74301
 220  -20.69574  -11.36883   -9.87952   -7.92956    0.05732    1.12522    1.29895    2.62550    5.35010    9.12817   14.92953   16.78257   19.84639
 221  -20.60559  -11.51164   -9.99889   -7.97106    0.01510    1.18395    1.36420    2.66236    5.35942    9.26356   14.89945   16.92460   19.93955
 222  -20.51339  -11.65199  -10.11847   -8.01447   -0.03395    1.24487    1.43067    2.70262    5.37776    9.39309   14.86541   17.07053   20.02269
 223  -20.41922  -11.78972  -10.23808   -8.05975   -0.08977    1.30808    1.49821    2.74702    5.40492    9.51353   14.82880   17.22049   20.09608
 224  -20.32320  -11.92467  -10.35751   -8.10684   -0.15215    1.37370    1.56670    2.79611    5.44069    9.62148   14.79134   17.37460   20.16004
 225  -20.22544  -12.05671  -10.47658   -8.15567   -0.22080    1.44185    1.63599    2.85024    5.48485    9.71344   14.75503   17.53297   20.21488
 226  -20.12606  -12.18568  -10.59509   -8.20616   -0.29529    1.51265    1.70591    2.90957    5.53717    9.78592   14.72211   17.69566   20.26099
 227  -20.02519  -12.31144  -10.71285   -8.25822   -0.37518    1.58621    1.77630    2.97414    5.59743    9.83560   14.69488   17.86270   20.29875
 228  -19.92300  -12.43385  -10.82967   -8.31175   -0.45992    1.66263    1.84698    3.04385    5.66538    9.85953   14.67555   18.03404   20.32857
 229  -19.81963  -12.55277  -10.94535   -8.36665   -0.54900    1.74200    1.91774    3.11851    5.74080    9.85538   14.66600   18.20955   20.35087
 230  -19.71527  -12.66805  -11.05969   -8.42282   -0.64187    1.82441    1.98833    3.19787    5.82345    9.82166   14.66759   18.38901   20.36610
 231  -19.61011  -12.77956  -11.17250   -8.48013   -0.73799    1.90994    2.05849    3.28163    5.91314    9.75789   14.68098   18.57208   20.37469
 232  -19.50437  -12.88715  -11.28356   -8.53847   -0.83687    1.99863    2.12790    3.36943    6.00964    9.66464   14.70616   18.75834   20.37710
 233  -19.39828  -12.99067  -11.39265   -8.59771   -0.93801    2.09053    2.19618    3.46091    6.11276    9.54347   14.74242   18.94719   20.37376
 234  -19.29208  -13.08999  -11.49957   -8.65773   -1.04098    2.18568    2.26287    3.55568    6.22233    9.39681   14.78858   19.13796   20.36512
 235  -19.18607  -13.18496  -11.60405   -8.71840   -1.14535    2.28407    2.32742    3.65333    6.33817    9.22771   14.84315   19.32984   20.35162
 236  -19.08054  -13.27544  -11.70585   -8.77960   -1.25074    2.38571    2.38917    3.75341    6.46014    9.03968   14.90450   19.52192   20.33369
 237  -18.97582  -13.36131  -11.80469   -8.84118   -1.35680    2.44729    2.49060    3.85550    6.58810    8.83657   14.97105   19.71320   20.31178
 238  -18.87225  -13.44244  -11.90028   -8.90304   -1.46322    2.50083    2.59868    3.95912    6.72192    8.62237   15.04133   19.90263   20.28628
 239  -18.77020  -13.51875  -11.99227   -8.96503   -1.56970    2.54857    2.70992    4.06377    6.86150    8.40125   15.11408   20.08909   20.25761
 240  -18.67008  -13.59016  -12.08029   -9.02704   -1.67599    2.58907    2.82425    4.16895    7.00674    8.17745   15.18826   20.22617   20.27143
 241  -18.57229  -13.65664  -12.16394   -9.08893   -1.78185    2.62061    2.94159    4.27411    7.15756    7.95537   15.26303   20.19234   20.44851
 242  -18.47727  -13.71820  -12.24273   -9.15060   -1.88706    2.64116    3.06185    4.37869    7.31388    7.73948   15.33776   20.15650   20.61918
 243  -18.38545  -13.77493  -12.31614   -9.21191   -1.99145    2.64839    3.18492    4.48209    7.47564    7.53437   15.41199   20.11901   20.78235
 244  -18.29728  -13.82698  -12.38357   -9.27276   -2.09484    2.63977    3.31066    4.58373    7.34462    7.64278   15.48542   20.08022   20.93695
 245  -18.21317  -13.87460  -12.44434   -9.33304   -2.19708    2.61270    3.43893    4.68307    7.17466    7.81524   15.55788   20.04046   21.08199
 246  -18.13354  -13.91816  -12.49771   -9.39263   -2.29805    2.56471    3.56958    4.77965    7.02846    7.99296   15.62930   20.00006   21.21653
 247  -18.05876  -13.95812  -12.54288   -9.45144   -2.39763    2.49383    3.70241    4.87318    6.90919    8.17588   15.69969   19.95932   21.33973
 248  -17.98914  -13.99505  -12.57901   -9.50935   -2.49574    2.39889    3.83723    4.96361    6.81884    8.36393   15.76915   19.91854   21.45085
 249  -17.92495  -14.02959  -12.60524   -9.56628   -2.59229    2.27974    3.97381    5.05117    6.75791    8.55703   15.83782   19.87798   21.54920
 250  -17.86638  -14.06243  -12.62079   -9.62213   -2.68723    2.13734    4.11191    5.13636    6.72539    8.75509   15.90590   19.83792   21.63422
 251  -17.81351  -14.09425  -12.62496   -9.67682   -2.78053    1.97365    4.25127    5.21992    6.71898    8.95797   15.97364   19.79858   21.70546
 252  -17.76636  -14.12566  -12.61724   -9.73025   -2.87216    1.79129    4.39160    5.30264    6.73549    9.16553   16.04130   19.76020   21.76255
 253  -17.72486  -14.15715  -12.59733   -9.78235   -2.96212    1.59328    4.53259    5.38529    6.77134    9.37758   16.10917   19.72295   21.80522
 254  -17.68885  -14.18907  -12.56519   -9.83304   -3.05042    1.38274    4.67389    5.46842    6.82297    9.59388   16.17760   19.68703   21.83332
 255  -17.65809  -14.22161  -12.52105   -9.88224   -3.13712    1.16265    4.81514    5.55238    6.88709    9.81416   16.24691   19.65258   21.84678
 256  -17.63227  -14.25480  -12.46536   -9.92989   -3.22228    0.93581    4.95597    5.63728    6.96084   10.03806   16.31748   19.61973   21.84563
