     -976.293071
     -976.306543
     -976.343958
     -976.399395
     -976.462935
     -976.524757
     -976.583929
     -976.639857
     -976.680301
     -976.708040
     -976.734550
     -976.772550
     -976.832308
     -976.920095
     -977.031831
     -977.162616
     -977.295220
     -977.413997
     -977.513175
     -977.596446
     -977.656896
     -977.706446
     -977.745769
     -977.775272
     -977.810627
     -977.855808
     -977.908429
     -977.970878
     -978.030105
     -978.071412
     -978.089857
     -978.091262
     -978.064978
     -978.007194
     -978.012248
     -978.026993
     -978.051187
     -978.080690
     -978.113491
     -978.147079
     -978.181231
     -978.215668
     -978.252197
     -978.286469
     -978.318364
     -978.348841
     -978.378285
     -978.410669
     -978.442054
     -978.471177
     -978.495861
     -978.518796
     -978.536677
     -978.549700
     -978.559029
     -978.567874
     -978.575035
     -978.579376
     -978.581164
     -978.582242
     -978.584629
     -978.590428
     -978.599749
     -978.610428
     -978.621467
     -978.631660
     -978.641488
     -978.652591
     -978.663038
     -978.672556
     -978.681720
     -978.694122
     -978.707977
     -978.722645
     -978.738149
     -978.752991
     -978.766140
     -978.777169
     -978.787364
     -978.795584
     -978.801458
     -978.804805
     -978.806085
     -978.804693
     -978.803828
     -978.803068
     -978.802567
     -978.802805
     -978.803970
     -978.805422
     -978.808187
     -978.810540
     -978.813554
     -978.816474
     -978.821324
     -978.827179
     -978.834784
     -978.844607
     -978.857021
     -978.870464
     -978.885108
     -978.900587
     -978.916789
     -978.933185
     -978.947811
     -978.961253
     -978.972706
     -978.981465
     -978.989931
     -978.996061
     -978.998866
     -978.999826
     -978.998859
     -978.999861
     -979.002677
     -979.006960
     -979.011674
     -979.015948
     -979.019233
     -979.021319
