      -976.29307071
      -976.29353033
      -976.29406923
      -976.29525503
      -976.29639234
      -976.29744043
      -976.29962657
      -976.29766615
      -976.29881191
      -976.29662118
      -976.29420092
      -976.29049833
      -976.28706355
      -976.28432432
      -976.28130815
      -976.27964358
      -976.27758394
      -976.27504282
      -976.27454044
      -976.27380623
      -976.26953155
      -976.26855385
      -976.26131010
      -976.25746808
      -976.25675546
      -976.25050010
      -976.24988972
      -976.25289230
      -976.25034689
      -976.24886062
      -976.24499324
      -976.23327609
      -976.22310267
      -978.00671146
      -978.00703055
      -978.00824624
      -978.01067141
      -978.01330700
      -978.01644085
      -978.01986657
      -978.02352826
      -978.02623627
      -978.02751076
      -978.03198302
      -978.03460596
      -978.03815253
      -978.03969731
      -978.04133200
      -978.04514128
      -978.04715335
      -978.05025078
      -978.05489570
      -978.05691234
      -978.06084611
      -978.06321443
      -978.06659499
      -978.06952895
      -978.07357800
      -978.07669192
      -978.58223661
      -978.58234041
      -978.58179513
      -978.58161523
      -978.58112339
      -978.58063534
      -978.57992787
      -978.57937827
      -978.57894502
      -978.57771700
      -978.57705984
      -978.57534878
      -978.57407465
      -978.57292548
      -978.57188027
      -978.57075878
      -978.56947280
      -978.56809697
      -978.56623591
      -978.56330131
      -978.56123567
      -978.55970399
      -978.55639498
      -978.55425282
      -978.55194002
      -978.55035608
      -978.54724134
      -978.54526743
      -978.54262091
      -978.54058467
      -978.53809684
      -978.53689853
      -978.53450243
      -978.53324722
      -978.53032814
      -978.52921550
      -978.52778450
      -978.52672209
      -978.52648215
      -978.52551124
      -978.52540137
      -978.52566676
      -978.52632632
      -978.52722680
      -978.52878007
      -978.53034810
      -978.53249505
      -978.53469618
      -978.53602685
      -978.53853116
      -978.54005922
      -978.54225012
      -978.54446429
      -978.99879347
      -978.99878012
      -978.99871281
      -978.99878808
      -978.99883655
      -978.99887752
      -978.99888752
      -978.99906172
