     17  ini.bas                                    1
      0.83281988    3.22957730    0.02920057    0.06337186
      0.80621520    3.11009323    0.05242455    0.12986900
      0.80541128    3.11557062    0.05709453    0.13458218
      0.80197615    3.11714307    0.05316186    0.13009230
      0.82751047    3.22667527    0.03270058    0.06905567
      0.94970221
      0.94961194
      0.94731013
      0.94787634
      0.94710066
      0.94711760
      0.94612293
      0.94818852
      0.94927637
      0.94791815
      0.94656417
      0.94866541
